50 10 723 500
50 10 512 500
50 10 367 500
50 10 633 500
50 10 727 500
50 10 479 500
50 10 525 500
50 10 832 500
50 10 847 500
50 10 107 500
50 10 16 500
50 10 192 500
50 10 308 500
50 10 513 500
50 10 475 500
50 10 316 500
50 10 465 500
50 10 155 500
50 10 802 500
50 10 267 500
50 10 444 500
50 10 333 500
50 10 77 500
50 10 519 500
50 10 569 500
50 10 297 500
50 10 350 500
50 10 356 500
50 10 176 500
50 10 386 500
50 10 793 500
50 10 637 500
50 10 459 500
50 10 614 500
50 10 310 500
50 10 679 500
50 10 167 500
50 10 742 500
50 10 96 500
50 10 616 500
50 10 232 500
50 10 741 500
50 10 260 500
50 10 552 500
50 10 703 500
50 10 434 500
50 10 498 500
50 10 306 500
50 10 511 500
50 10 180 500
50 10 528 500
50 10 712 500
50 10 458 500
50 10 402 500
50 10 669 500
50 10 372 500
50 10 609 500
50 10 396 500
50 10 429 500
50 10 380 500
50 10 439 500
50 10 263 500
50 10 56 500
50 10 448 500
50 10 717 500
50 10 21 500
50 10 130 500
50 10 25 500
50 10 415 500
50 10 652 500
50 10 142 500
50 10 565 500
50 10 165 500
50 10 766 500
50 10 290 500
50 10 563 500
50 10 664 500
50 10 194 500
50 10 307 500
50 10 430 500
50 10 675 500
50 10 499 500
50 10 801 500
50 10 405 500
50 10 146 500
50 10 259 500
50 10 845 500
50 10 576 500
50 10 849 500
50 10 300 500
50 10 323 500
50 10 547 500
50 10 242 500
50 10 57 500
50 10 264 500
50 10 127 500
50 10 46 500
50 10 231 500
50 10 740 500
50 10 667 500
50 10 337 500
50 10 100 500
50 10 593 500
50 10 203 500
50 10 156 500
50 10 672 500
50 10 270 500
50 10 768 500
50 10 343 500
50 10 305 500
50 10 803 500
50 10 457 500
50 10 860 500
50 10 856 500
50 10 179 500
50 10 843 500
50 10 751 500
50 10 345 500
50 10 739 500
50 10 431 500
50 10 737 500
50 10 436 500
50 10 732 500
50 10 900 500
50 10 503 500
50 10 325 500
50 10 373 500
50 10 819 500
50 10 109 500
50 10 210 500
50 10 292 500
50 10 80 500
50 10 670 500
50 10 560 500
50 10 714 500
50 10 281 500
50 10 91 500
50 10 657 500
50 10 403 500
50 10 718 500
50 10 480 500
50 10 865 500
50 10 219 500
50 10 490 500
50 10 720 500
50 10 467 500
50 10 186 500
50 10 237 500
50 10 139 500
50 10 660 500
50 10 838 500
50 10 123 500
50 10 10 500
50 10 777 500
50 10 466 500
50 10 134 500
50 10 642 500
50 10 278 500
50 10 327 500
50 10 404 500
50 10 772 500
50 10 451 500
50 10 815 500
50 10 786 500
50 10 585 500
50 10 728 500
50 10 24 500
50 10 285 500
50 10 699 500
50 10 137 500
50 10 568 500
50 10 889 500
50 10 411 500
50 10 623 500
50 10 482 500
50 10 62 500
50 10 532 500
50 10 214 500
50 10 608 500
50 10 317 500
50 10 649 500
50 10 792 500
50 10 238 500
50 10 761 500
50 10 789 500
50 10 501 500
50 10 516 500
50 10 668 500
50 10 784 500
50 10 846 500
50 10 311 500
50 10 347 500
50 10 677 500
50 10 537 500
50 10 334 500
50 10 144 500
50 10 174 500
50 10 381 500
50 10 256 500
50 10 794 500
50 10 476 500
50 10 55 500
50 10 125 500
50 10 541 500
50 10 848 500
50 10 515 500
50 10 193 500
50 10 564 500
50 10 859 500
50 10 582 500
50 10 412 500
50 10 639 500
50 10 435 500
50 10 535 500
50 10 392 500
50 10 524 500
50 10 693 500
50 10 485 500
50 10 401 500
50 10 341 500
50 10 711 500
50 10 813 500
50 10 218 500
50 10 124 500
50 10 500 500
50 10 876 500
50 10 313 500
50 10 767 500
50 10 229 500
50 10 850 500
50 10 562 500
50 10 877 500
50 10 360 500
50 10 28 500
50 10 754 500
50 10 363 500
50 10 752 500
50 10 646 500
50 10 886 500
50 10 65 500
50 10 149 500
50 10 686 500
50 10 301 500
50 10 138 500
50 10 862 500
50 10 120 500
50 10 406 500
50 10 853 500
50 10 336 500
50 10 628 500
50 10 85 500
50 10 706 500
50 10 691 500
50 10 470 500
50 10 233 500
50 10 47 500
50 10 383 500
50 10 246 500
50 10 891 500
50 10 172 500
50 10 230 500
50 10 624 500
50 10 808 500
50 10 594 500
50 10 184 500
50 10 37 500
50 10 835 500
50 10 116 500
50 10 128 500
50 10 791 500
50 10 883 500
50 10 368 500
50 10 227 500
50 10 879 500
50 10 410 500
50 10 129 500
50 10 364 500
50 10 32 500
50 10 94 500
50 10 11 500
50 10 893 500
50 10 831 500
50 10 577 500
50 10 277 500
50 10 763 500
50 10 764 500
50 10 398 500
50 10 433 500
50 10 92 500
50 10 298 500
50 10 349 500
50 10 854 500
50 10 824 500
50 10 631 500
50 10 375 500
50 10 30 500
50 10 735 500
50 10 702 500
50 10 23 500
50 10 566 500
50 10 500 142
50 10 500 1404
50 10 500 1433
50 10 500 1403
50 10 500 706
50 10 500 1059
50 10 500 174
50 10 500 650
50 10 500 196
50 10 500 1355
50 10 500 1006
50 10 500 1207
50 10 500 1265
50 10 500 1950
50 10 500 1382
50 10 500 1230
50 10 500 317
50 10 500 601
50 10 500 1626
50 10 500 605
50 10 500 965
50 10 500 40
50 10 500 762
50 10 500 895
50 10 500 497
50 10 500 690
50 10 500 1549
50 10 500 271
50 10 500 1542
50 10 500 1112
50 10 500 907
50 10 500 297
50 10 500 1905
50 10 500 1310
50 10 500 1731
50 10 500 222
50 10 500 638
50 10 500 22
50 10 500 1306
50 10 500 1314
50 10 500 1109
50 10 500 1764
50 10 500 1336
50 10 500 1363
50 10 500 1651
50 10 500 1500
50 10 500 858
50 10 500 546
50 10 500 1316
50 10 500 1849
50 10 500 996
50 10 500 1845
50 10 500 1171
50 10 500 707
50 10 500 1150
50 10 500 1359
50 10 500 257
50 10 500 1703
50 10 500 1680
50 10 500 107
50 10 500 1609
50 10 500 1629
50 10 500 1793
50 10 500 1227
50 10 500 223
50 10 500 1504
50 10 500 1456
50 10 500 1507
50 10 500 792
50 10 500 13
50 10 500 1775
50 10 500 1980
50 10 500 97
50 10 500 35
50 10 500 793
50 10 500 170
50 10 500 179
50 10 500 1502
50 10 500 1004
50 10 500 486
50 10 500 287
50 10 500 1141
50 10 500 1898
50 10 500 1437
50 10 500 1462
50 10 500 1732
50 10 500 1208
50 10 500 1750
50 10 500 20
50 10 500 88
50 10 500 751
50 10 500 451
50 10 500 1309
50 10 500 515
50 10 500 683
50 10 500 1253
50 10 500 360
50 10 500 874
50 10 500 211
50 10 500 928
50 10 500 1042
50 10 500 1034
50 10 500 1585
50 10 500 1251
50 10 500 348
50 10 500 1391
50 10 500 944
50 10 500 164
50 10 500 1821
50 10 500 1116
50 10 500 265
50 10 500 1996
50 10 500 1870
50 10 500 817
50 10 500 478
50 10 500 314
50 10 500 354
50 10 500 1013
50 10 500 1412
50 10 500 968
50 10 500 1481
50 10 500 1498
50 10 500 482
50 10 500 1619
50 10 500 860
50 10 500 346
50 10 500 381
50 10 500 1448
50 10 500 890
50 10 500 1135
50 10 500 1054
50 10 500 1272
50 10 500 1519
50 10 500 1646
50 10 500 1973
50 10 500 1088
50 10 500 74
50 10 500 86
50 10 500 611
50 10 500 253
50 10 500 468
50 10 500 1206
50 10 500 1443
50 10 500 1715
50 10 500 1742
50 10 500 726
50 10 500 1307
50 10 500 43
50 10 500 1137
50 10 500 27
50 10 500 1516
50 10 500 474
50 10 500 496
50 10 500 745
50 10 500 1584
50 10 500 1595
50 10 500 350
50 10 500 813
50 10 500 1379
50 10 500 1450
50 10 500 1463
50 10 500 869
50 10 500 733
50 10 500 1202
50 10 500 1558
50 10 500 1601
50 10 500 1836
50 10 500 151
50 10 500 1489
50 10 500 679
50 10 500 1972
50 10 500 595
50 10 500 822
50 10 500 1580
50 10 500 1266
50 10 500 1480
50 10 500 1178
50 10 500 1960
50 10 500 1753
50 10 500 94
50 10 500 1894
50 10 500 1127
50 10 500 906
50 10 500 81
50 10 500 618
50 10 500 434
50 10 500 580
50 10 500 338
50 10 500 1777
50 10 500 1145
50 10 500 632
50 10 500 1624
50 10 500 1661
50 10 500 1826
50 10 500 99
50 10 500 270
50 10 500 306
50 10 500 525
50 10 500 1492
50 10 500 1097
50 10 500 1169
50 10 500 665
50 10 500 709
50 10 500 1570
50 10 500 1470
50 10 500 1296
50 10 500 283
50 10 500 867
50 10 500 1890
50 10 500 575
50 10 500 172
50 10 500 1682
50 10 500 1613
50 10 500 552
50 10 500 1705
50 10 500 1669
50 10 500 344
50 10 500 1529
50 10 500 637
50 10 500 604
50 10 500 1590
50 10 500 385
50 10 500 1765
50 10 500 830
50 10 500 1533
50 10 500 1239
50 10 500 214
50 10 500 1572
50 10 500 1933
50 10 500 1346
50 10 500 1257
50 10 500 1297
50 10 500 791
50 10 500 295
50 10 500 1333
50 10 500 1737
50 10 500 582
50 10 500 1951
50 10 500 210
50 10 500 183
50 10 500 1611
50 10 500 470
50 10 500 1599
50 10 500 1461
50 10 500 818
50 10 500 569
50 10 500 598
50 10 500 87
50 10 500 808
50 10 500 1861
50 10 500 639
50 10 500 1199
50 10 500 330
50 10 500 1751
50 10 500 1515
50 10 500 1434
50 10 500 153
50 10 500 913
50 10 500 1065
50 10 500 1943
50 10 500 1713
50 10 500 1747
50 10 500 545
50 10 500 1126
50 10 500 159
50 10 500 1796
50 10 500 659
50 10 500 202
50 10 500 1840
50 10 500 821
50 10 500 268
50 10 500 1315
50 10 500 563
50 10 500 1276
50 10 500 1920
50 10 500 862
50 10 500 1277
50 10 500 412
50 10 500 1052
50 10 500 1018
50 10 500 1769
50 10 500 625
50 10 500 1864
50 10 500 1528
50 10 500 1695
50 10 500 1882
50 10 500 557
50 10 500 1741
50 10 500 387
50 10 500 1183
50 10 500 1735
50 10 500 318
50 10 500 162
50 10 500 476
50 10 500 250
50 10 500 323
50 10 500 101
50 10 500 1356
50 10 500 576
50 10 500 1812
184 10 500 500
254 10 500 500
128 10 500 500
131 10 500 500
95 10 500 500
67 10 500 500
202 10 500 500
121 10 500 500
272 10 500 500
286 10 500 500
240 10 500 500
154 10 500 500
16 10 500 500
221 10 500 500
6 10 500 500
198 10 500 500
48 10 500 500
251 10 500 500
54 10 500 500
21 10 500 500
134 10 500 500
96 10 500 500
64 10 500 500
205 10 500 500
227 10 500 500
242 10 500 500
248 10 500 500
60 10 500 500
68 10 500 500
209 10 500 500
168 10 500 500
197 10 500 500
201 10 500 500
246 10 500 500
72 10 500 500
19 10 500 500
258 10 500 500
177 10 500 500
203 10 500 500
222 10 500 500
291 10 500 500
87 10 500 500
137 10 500 500
133 10 500 500
214 10 500 500
76 10 500 500
153 10 500 500
13 10 500 500
10 10 500 500
28 10 500 500
157 10 500 500
192 10 500 500
279 10 500 500
280 10 500 500
163 10 500 500
249 10 500 500
212 10 500 500
274 10 500 500
77 10 500 500
166 10 500 500
65 10 500 500
176 10 500 500
235 10 500 500
83 10 500 500
139 10 500 500
225 10 500 500
18 10 500 500
124 10 500 500
261 10 500 500
84 10 500 500
107 10 500 500
2 10 500 500
232 10 500 500
46 10 500 500
170 10 500 500
298 10 500 500
86 10 500 500
122 10 500 500
244 10 500 500
89 10 500 500
130 10 500 500
70 10 500 500
138 10 500 500
262 10 500 500
106 10 500 500
183 10 500 500
127 10 500 500
30 10 500 500
62 10 500 500
178 10 500 500
66 10 500 500
204 10 500 500
159 10 500 500
56 10 500 500
126 10 500 500
51 10 500 500
256 10 500 500
151 10 500 500
99 10 500 500
103 10 500 500
193 10 500 500
85 10 500 500
174 10 500 500
268 10 500 500
7 10 500 500
23 10 500 500
277 10 500 500
236 10 500 500
142 10 500 500
266 10 500 500
300 10 500 500
273 10 500 500
100 10 500 500
188 10 500 500
27 10 500 500
208 10 500 500
50 10 500 500
173 10 500 500
158 10 500 500
169 10 500 500
69 10 500 500
238 10 500 500
52 10 500 500
116 10 500 500
152 10 500 500
1 10 500 500
136 10 500 500
4 10 500 500
111 10 500 500
293 10 500 500
155 10 500 500
194 10 500 500
113 10 500 500
61 10 500 500
17 10 500 500
94 10 500 500
190 10 500 500
112 10 500 500
228 10 500 500
263 10 500 500
75 10 500 500
49 10 500 500
257 10 500 500
234 10 500 500
149 10 500 500
78 10 500 500
123 10 500 500
165 10 500 500
81 10 500 500
88 10 500 500
297 10 500 500
34 10 500 500
37 10 500 500
71 10 500 500
24 10 500 500
141 10 500 500
144 10 500 500
288 10 500 500
90 10 500 500
211 10 500 500
281 10 500 500
213 10 500 500
243 10 500 500
290 10 500 500
216 10 500 500
98 10 500 500
102 10 500 500
250 10 500 500
182 10 500 500
237 10 500 500
215 10 500 500
239 10 500 500
33 10 500 500
299 10 500 500
285 10 500 500
218 10 500 500
20 10 500 500
150 10 500 500
145 10 500 500
57 10 500 500
36 10 500 500
35 10 500 500
105 10 500 500
259 10 500 500
185 10 500 500
247 10 500 500
114 10 500 500
104 10 500 500
79 10 500 500
119 10 500 500
161 10 500 500
289 10 500 500
143 10 500 500
74 10 500 500
63 10 500 500
267 10 500 500
73 10 500 500
14 10 500 500
97 10 500 500
253 10 500 500
229 10 500 500
29 10 500 500
120 10 500 500
233 10 500 500
189 10 500 500
167 10 500 500
59 10 500 500
45 10 500 500
108 10 500 500
135 10 500 500
172 10 500 500
199 10 500 500
271 10 500 500
195 10 500 500
255 10 500 500
44 10 500 500
80 10 500 500
91 10 500 500
101 10 500 500
22 10 500 500
264 10 500 500
93 10 500 500
47 10 500 500
43 10 500 500
25 10 500 500
220 10 500 500
118 10 500 500
32 10 500 500
252 10 500 500
148 10 500 500
294 10 500 500
283 10 500 500
160 10 500 500
175 10 500 500
8 10 500 500
282 10 500 500
275 10 500 500
82 10 500 500
200 10 500 500
117 10 500 500
295 10 500 500
265 10 500 500
231 10 500 500
156 10 500 500
146 10 500 500
245 10 500 500
40 10 500 500
186 10 500 500
147 10 500 500
292 10 500 500
241 10 500 500
284 10 500 500
92 10 500 500
171 10 500 500
162 10 500 500
187 10 500 500
55 10 500 500
217 10 500 500
224 10 500 500
39 10 500 500
115 10 500 500
140 10 500 500
179 10 500 500
109 10 500 500
53 10 500 500
9 10 500 500
110 10 500 500
164 10 500 500
11 10 500 500
270 10 500 500
223 10 500 500
41 10 500 500
58 10 500 500
296 10 500 500
38 10 500 500
12 10 500 500
260 10 500 500
206 10 500 500
125 10 500 500
180 10 500 500
287 10 500 500
278 10 500 500
230 10 500 500
219 10 500 500
207 10 500 500
31 10 500 500
3 10 500 500
42 10 500 500
15 10 500 500
5 10 500 500
196 10 500 500
129 10 500 500
269 10 500 500
181 10 500 500
132 10 500 500
276 10 500 500
26 10 500 500
226 10 500 500
210 10 500 500
191 10 500 500
