5
20
100
1
81
0 0 0 0 0 0 0 0 0 0 0 0 0 0 0 0 0 0 0 0 0 0 0 0 0 0 0 0 0 0 0 0 0 0 0 0 0 0 0 0 0 0 0 0 0 1 1 0 0 0 0 0 0 0 0 0 0 0 0 0 0 1 0 0 0 0 0 0 0 0 0 0 0 0 0 0 0 1 0 0 0
0 0 0 0 0 0 0 0 0 0 0 0 0 0 0 0 0 0 0 0 0 0 0 0 0 0 0 0 0 0 0 0 0 0 0 0 0 0 0 0 0 1 0 0 0 0 0 0 0 0 0 0 0 0 0 0 0 0 0 0 0 0 0 0 0 0 0 0 0 0 0 0 0 0 0 0 0 0 0 0 0
0 0 0 0 0 0 0 0 0 0 0 0 0 0 0 0 0 0 0 0 0 0 0 0 0 1 0 0 0 0 0 0 0 0 0 0 0 0 0 0 0 0 0 0 0 0 0 0 0 0 0 0 0 0 0 0 0 0 0 0 0 0 0 0 0 0 0 0 0 0 0 0 0 0 0 0 0 0 0 0 0
0 0 0 0 0 0 0 0 0 0 0 0 0 0 0 0 0 0 0 0 0 0 0 0 0 0 0 0 0 0 0 0 0 0 0 0 1 0 0 0 0 0 0 0 0 0 0 0 0 0 0 0 0 0 0 0 0 0 0 0 0 0 0 0 0 0 0 0 0 0 0 0 0 0 0 0 0 0 0 0 0
0 0 0 0 0 0 0 0 0 0 0 0 0 0 0 0 0 0 0 0 0 0 0 0 0 0 0 0 0 0 0 0 0 0 0 0 0 0 0 0 0 0 0 0 0 1 0 0 0 0 0 0 0 0 0 0 0 0 0 0 0 0 0 0 0 0 0 0 0 0 0 0 0 0 0 0 0 0 0 0 0
0 0 0 0 0 0 0 0 0 0 1 0 0 0 0 0 0 0 0 0 0 1 0 0 0 0 0 0 0 0 0 0 0 0 0 0 0 0 0 0 0 0 0 0 0 0 0 0 0 0 0 0 0 0 0 0 0 0 0 0 0 0 0 0 0 0 0 0 1 0 0 0 0 0 0 0 0 0 0 0 0
0 0 0 0 0 0 0 0 0 0 0 0 0 0 0 0 0 0 0 0 0 0 0 0 0 0 0 0 0 0 0 0 0 0 0 0 0 0 0 0 0 0 0 0 0 0 1 0 0 0 0 0 0 0 0 0 0 0 0 0 0 0 0 0 0 0 0 0 0 0 0 0 0 0 0 0 0 0 0 0 0
0 0 0 0 0 0 0 0 0 0 0 0 0 0 0 0 1 0 0 0 0 0 0 0 0 0 0 0 0 1 0 0 0 0 0 0 0 0 0 0 0 0 0 0 0 0 0 0 0 0 0 0 0 0 0 0 0 0 0 0 0 0 0 0 0 0 0 0 0 0 0 0 0 0 0 0 0 0 0 0 0
0 0 0 0 0 0 0 0 0 0 0 0 0 0 0 0 0 0 0 0 0 0 0 0 0 0 0 0 0 0 0 0 0 0 0 0 0 0 1 0 0 0 0 0 0 0 0 0 0 0 0 0 0 0 0 0 0 0 0 0 0 0 0 0 0 0 0 0 0 0 0 1 0 0 0 0 0 0 0 0 0
0 0 0 0 0 0 0 0 0 0 0 0 0 1 0 0 0 0 0 0 0 0 0 0 0 0 0 0 0 0 0 0 0 0 0 0 0 0 0 0 0 0 0 0 0 0 0 0 0 0 0 0 0 0 0 0 0 0 0 0 1 0 0 0 0 0 0 0 0 0 0 0 0 0 0 0 0 0 0 0 1
0 0 0 0 0 1 0 0 0 0 0 0 0 0 0 0 0 0 0 0 0 0 0 0 0 0 0 0 0 0 0 0 0 0 0 0 0 0 0 0 0 0 0 0 0 0 0 0 0 0 0 0 0 0 0 0 0 0 0 0 0 0 0 0 0 0 0 0 0 0 0 0 0 0 0 0 0 0 0 0 0
0 0 0 0 0 0 0 0 0 0 0 0 0 0 0 0 0 0 0 0 1 0 0 0 0 0 0 0 0 0 0 0 0 0 0 0 0 0 0 0 0 0 0 0 0 0 0 0 0 0 0 0 0 0 0 0 0 0 0 0 0 0 0 0 0 1 0 0 0 0 0 0 0 0 0 0 0 0 0 0 0
0 0 0 0 0 0 0 0 0 0 0 0 0 0 0 0 0 0 0 0 0 0 0 0 0 0 0 0 0 0 0 0 0 0 0 0 0 0 0 0 0 0 0 0 0 0 0 0 0 0 0 0 0 0 0 1 0 0 0 0 0 0 0 0 0 0 0 0 0 0 0 0 0 0 0 0 0 1 0 0 0
0 0 0 0 0 0 0 0 0 1 0 0 0 0 0 0 0 0 0 0 0 0 0 0 0 0 0 0 0 0 0 0 0 0 0 0 0 0 0 0 0 0 0 0 0 0 0 0 0 0 0 0 0 0 0 0 0 0 0 0 0 0 0 0 0 0 0 0 0 0 0 0 0 0 0 0 0 0 1 0 0
0 0 0 0 0 0 0 0 0 0 0 0 0 0 0 0 1 0 0 0 0 0 0 0 0 0 0 0 0 0 0 0 0 0 0 0 0 0 0 0 0 0 0 0 0 0 0 0 0 0 0 0 0 0 0 0 0 0 0 0 0 0 0 0 0 0 0 0 0 0 0 0 0 0 0 0 0 0 0 0 0
0 0 0 0 0 0 0 0 0 0 0 0 0 0 0 0 0 0 0 0 0 0 0 0 0 0 0 0 0 0 0 0 0 0 0 0 0 0 0 0 0 0 0 0 1 0 0 0 1 0 0 0 0 0 0 0 0 0 0 0 0 0 0 0 0 0 0 0 0 0 0 0 0 0 0 0 0 0 0 0 1
0 0 0 0 0 0 0 1 0 0 0 0 0 0 1 0 0 0 0 0 0 0 0 0 0 0 0 0 0 0 0 0 0 0 0 0 0 0 0 0 0 0 0 0 0 0 0 0 0 0 0 0 0 0 0 0 0 0 0 0 0 0 0 0 0 0 0 0 0 0 0 0 0 0 0 0 0 0 0 0 0
0 0 0 0 0 0 0 0 0 0 0 0 0 0 0 0 0 0 0 0 0 0 0 0 0 0 0 0 0 0 0 0 0 0 0 0 0 0 0 0 0 0 0 0 0 0 0 1 0 0 1 0 0 0 0 0 0 0 0 0 0 0 0 0 0 0 0 0 0 0 0 0 0 0 0 0 0 0 0 0 0
0 0 0 0 0 0 0 0 0 0 0 0 0 0 0 0 0 0 0 0 0 0 0 0 0 0 0 0 0 0 0 0 0 0 0 0 0 0 0 0 0 0 0 0 0 0 0 0 0 0 0 0 0 0 0 0 1 0 0 0 0 0 0 0 1 0 0 0 0 0 0 0 0 0 0 0 0 0 0 0 0
0 0 0 0 0 0 0 0 0 0 0 0 0 0 0 0 0 0 0 0 0 0 0 0 0 0 0 0 0 0 0 0 0 0 0 0 0 0 0 1 1 0 0 0 0 0 0 0 0 0 0 0 0 0 0 0 0 0 0 0 0 0 0 0 0 0 0 0 0 0 0 0 0 0 0 0 0 0 0 0 0
0 0 0 0 0 0 0 0 0 0 0 1 0 0 0 0 0 0 0 0 0 0 0 0 0 0 1 0 0 0 0 0 0 0 0 0 0 0 0 0 0 0 0 0 0 0 0 0 0 0 0 0 0 0 0 0 0 0 0 0 0 0 0 0 0 0 0 0 0 0 0 0 0 0 0 0 1 0 0 0 0
0 0 0 0 0 1 0 0 0 0 0 0 0 0 0 0 0 0 0 0 0 0 0 0 0 0 0 0 0 0 0 0 0 1 0 0 0 0 0 0 0 0 0 0 0 0 0 0 0 0 0 0 0 0 0 0 0 0 0 0 0 0 0 0 0 0 0 0 0 0 0 0 0 0 0 0 0 1 0 0 0
0 0 0 0 0 0 0 0 0 0 0 0 0 0 0 0 0 0 0 0 0 0 0 0 0 0 0 0 0 0 0 0 0 0 0 0 0 0 1 0 0 0 0 0 0 0 0 0 0 0 0 0 0 0 0 0 0 1 0 0 0 0 0 0 0 0 0 0 0 0 0 0 0 0 0 0 0 0 0 0 0
0 0 0 0 0 0 0 0 0 0 0 0 0 0 0 0 0 0 0 0 0 0 0 0 0 0 0 0 0 0 0 0 0 0 0 0 0 0 0 0 0 0 0 0 0 0 0 0 0 0 0 0 0 0 0 0 0 1 0 0 0 0 0 0 0 0 0 0 0 0 0 0 0 0 0 0 0 0 0 0 0
0 0 0 0 0 0 0 0 0 0 0 0 0 0 0 0 0 0 0 0 0 0 0 0 0 0 0 0 0 0 0 0 0 0 0 0 1 0 0 0 0 0 0 0 0 0 0 0 0 0 0 0 1 0 0 0 0 0 0 0 0 0 0 0 0 0 0 0 0 0 0 0 0 0 0 0 0 0 0 0 0
0 0 1 0 0 0 0 0 0 0 0 0 0 0 0 0 0 0 0 0 0 0 0 0 0 0 0 0 0 0 0 0 0 0 0 1 0 0 0 0 0 0 0 0 0 0 0 0 0 0 0 0 0 0 0 0 0 0 0 0 0 0 0 0 0 0 0 1 0 0 0 0 0 0 0 0 0 0 0 1 0
0 0 0 0 0 0 0 0 0 0 0 0 0 0 0 0 0 0 0 0 1 0 0 0 0 0 0 0 0 0 0 0 0 0 0 0 0 0 0 0 0 0 0 0 0 0 0 0 0 0 0 0 0 0 0 0 0 0 0 0 0 0 0 0 0 0 0 0 0 0 0 0 0 0 1 0 0 0 0 0 0
0 0 0 0 0 0 0 0 0 0 0 0 0 0 0 0 0 0 0 0 0 0 0 0 0 0 0 0 0 0 0 0 0 0 0 0 0 0 0 0 0 0 0 0 0 0 0 1 0 0 0 0 0 0 0 0 0 0 0 0 0 0 0 0 0 0 0 1 0 0 0 0 0 0 0 1 0 0 0 0 0
0 0 0 0 0 0 0 0 0 0 0 0 0 0 0 0 0 0 0 0 0 0 0 0 0 0 0 0 0 0 0 0 0 0 0 0 0 0 0 0 0 0 0 0 0 0 1 0 0 0 0 0 0 0 0 0 0 0 0 0 0 0 0 0 0 0 0 0 0 0 0 0 0 0 0 0 0 0 0 0 0
0 0 0 0 0 0 0 1 0 0 0 0 0 0 0 0 0 0 0 0 0 0 0 0 0 0 0 0 0 0 0 0 0 0 0 0 0 0 0 0 0 0 0 0 0 0 0 0 0 0 0 0 0 0 0 0 0 0 0 0 1 0 0 0 0 0 0 0 0 0 0 0 0 1 0 0 0 0 0 0 0
0 0 0 0 0 0 0 0 0 0 0 0 0 0 0 0 0 0 0 0 0 0 0 0 0 0 0 0 0 0 0 0 0 0 0 0 0 0 0 0 0 0 0 0 0 1 0 0 0 1 0 0 0 0 0 0 0 0 0 0 0 0 0 0 0 0 0 0 0 0 0 0 0 0 0 0 0 0 0 0 0
0 0 0 0 0 0 0 0 0 0 0 0 0 0 0 0 0 0 0 0 0 0 0 0 0 0 0 0 0 0 0 0 0 0 0 0 0 0 0 0 0 0 0 0 0 0 0 0 0 0 0 0 0 0 0 0 0 0 0 0 0 0 0 0 0 0 0 0 0 0 0 0 1 0 0 0 0 0 0 0 0
0 0 0 0 0 0 0 0 0 0 0 0 0 0 0 0 0 0 0 0 0 0 0 0 0 0 0 0 0 0 0 0 0 0 0 0 0 0 0 0 0 0 0 0 0 0 0 0 0 0 0 0 0 0 0 0 1 0 0 0 0 0 0 1 0 0 0 0 0 0 0 0 0 0 0 0 0 0 0 0 0
0 0 0 0 0 0 0 0 0 0 0 0 0 0 0 0 0 0 0 0 0 1 0 0 0 0 0 0 0 0 0 0 0 0 0 0 0 0 0 0 0 0 0 0 0 0 0 0 0 0 0 0 0 0 0 0 0 0 0 0 0 0 0 0 0 0 0 0 0 0 0 0 0 0 0 0 0 0 0 0 0
0 0 0 0 0 0 0 0 0 0 0 0 0 0 0 0 0 0 0 0 0 0 0 0 0 0 0 0 0 0 0 0 0 0 0 0 0 0 0 0 1 0 0 0 0 0 0 0 0 0 0 0 0 0 0 0 0 0 0 0 0 0 0 0 0 0 0 0 0 0 0 1 0 0 0 0 0 0 0 0 0
0 0 0 0 0 0 0 0 0 0 0 0 0 0 0 0 0 0 0 0 0 0 0 0 0 1 0 0 0 0 0 0 0 0 0 0 0 0 0 0 0 0 0 0 0 0 0 0 0 0 0 0 0 0 0 0 0 0 0 0 0 0 0 0 0 0 0 0 0 0 0 0 0 0 0 0 0 0 0 0 0
0 0 0 1 0 0 0 0 0 0 0 0 0 0 0 0 0 0 0 0 0 0 0 0 1 0 0 0 0 0 0 0 0 0 0 0 0 0 0 0 0 0 0 0 0 0 0 0 0 0 0 0 0 0 0 0 0 0 0 0 0 0 0 0 0 0 0 0 0 0 0 0 0 0 0 0 0 0 0 0 0
0 0 0 0 0 0 0 0 0 0 0 0 0 0 0 0 0 0 0 0 0 0 0 0 0 0 0 0 0 0 0 0 0 0 0 0 0 0 0 0 0 0 0 0 0 1 0 0 0 0 0 0 0 0 0 0 0 0 0 0 0 0 0 0 0 0 0 0 0 0 0 0 0 0 0 0 0 0 0 0 0
0 0 0 0 0 0 0 0 1 0 0 0 0 0 0 0 0 0 0 0 0 0 1 0 0 0 0 0 0 0 0 0 0 0 0 0 0 0 0 0 0 0 0 0 0 0 0 0 0 0 0 0 0 0 0 0 0 0 0 0 0 0 0 0 0 0 0 0 0 0 0 0 0 0 0 0 0 0 0 0 0
0 0 0 0 0 0 0 0 0 0 0 0 0 0 0 0 0 0 0 1 0 0 0 0 0 0 0 0 0 0 0 0 0 0 0 0 0 0 0 0 0 0 0 0 0 0 0 0 0 0 0 0 0 0 0 0 0 0 0 0 0 0 0 0 0 0 0 0 0 0 0 0 0 0 0 0 0 0 0 0 0
0 0 0 0 0 0 0 0 0 0 0 0 0 0 0 0 0 0 0 1 0 0 0 0 0 0 0 0 0 0 0 0 0 0 1 0 0 0 0 0 0 0 0 0 0 0 0 0 0 0 0 0 0 0 0 0 0 0 0 0 0 0 0 0 0 0 0 0 0 0 1 0 0 0 0 0 0 0 0 0 0
0 1 0 0 0 0 0 0 0 0 0 0 0 0 0 0 0 0 0 0 0 0 0 0 0 0 0 0 0 0 0 0 0 0 0 0 0 0 0 0 0 0 0 0 1 0 1 0 0 0 0 0 0 0 0 0 0 0 0 0 0 0 0 0 0 0 0 0 0 0 0 0 0 0 0 0 0 0 0 0 0
0 0 0 0 0 0 0 0 0 0 0 0 0 0 0 0 0 0 0 0 0 0 0 0 0 0 0 0 0 0 0 0 0 0 0 0 0 0 0 0 0 0 0 0 0 0 0 0 0 1 0 0 0 0 0 0 0 0 0 0 0 0 0 0 0 0 0 0 0 0 0 0 0 0 0 0 0 0 0 0 0
0 0 0 0 0 0 0 0 0 0 0 0 0 0 0 0 0 0 0 0 0 0 0 0 0 0 0 0 0 0 0 0 0 0 0 0 0 0 0 0 0 0 0 0 0 0 0 0 0 0 0 0 1 0 0 0 0 0 0 0 0 0 0 0 0 0 0 0 0 0 0 0 0 0 0 0 0 0 0 0 0
0 0 0 0 0 0 0 0 0 0 0 0 0 0 0 1 0 0 0 0 0 0 0 0 0 0 0 0 0 0 0 0 0 0 0 0 0 0 0 0 0 1 0 0 0 0 0 0 0 0 0 0 0 0 0 0 0 0 0 0 0 0 0 0 0 0 0 0 0 0 0 0 0 0 0 0 0 0 0 0 0
1 0 0 0 1 0 0 0 0 0 0 0 0 0 0 0 0 0 0 0 0 0 0 0 0 0 0 0 0 0 1 0 0 0 0 0 0 1 0 0 0 0 0 0 0 0 0 0 0 0 0 0 0 0 0 0 0 0 0 0 0 0 0 0 0 0 0 0 0 0 0 0 0 0 0 0 0 0 0 0 0
1 0 0 0 0 0 1 0 0 0 0 0 0 0 0 0 0 0 0 0 0 0 0 0 0 0 0 0 1 0 0 0 0 0 0 0 0 0 0 0 0 1 0 0 0 0 0 0 0 0 0 0 0 0 0 0 0 0 0 0 0 0 0 0 0 0 0 0 0 0 0 0 0 0 0 0 0 0 0 0 0
0 0 0 0 0 0 0 0 0 0 0 0 0 0 0 0 0 1 0 0 0 0 0 0 0 0 0 1 0 0 0 0 0 0 0 0 0 0 0 0 0 0 0 0 0 0 0 0 0 0 0 0 0 0 0 0 0 0 0 0 0 0 0 0 0 0 0 0 0 0 0 0 0 0 0 0 0 0 0 0 0
0 0 0 0 0 0 0 0 0 0 0 0 0 0 0 1 0 0 0 0 0 0 0 0 0 0 0 0 0 0 0 0 0 0 0 0 0 0 0 0 0 0 0 0 0 0 0 0 0 0 0 0 0 0 0 0 0 0 0 0 0 0 0 0 0 0 0 0 0 0 0 0 1 0 0 1 0 0 0 0 0
0 0 0 0 0 0 0 0 0 0 0 0 0 0 0 0 0 0 0 0 0 0 0 0 0 0 0 0 0 0 1 0 0 0 0 0 0 0 0 0 0 0 1 0 0 0 0 0 0 0 0 0 0 0 0 0 0 0 0 0 0 0 0 0 0 0 0 0 0 0 0 0 0 0 0 0 0 0 0 0 0
0 0 0 0 0 0 0 0 0 0 0 0 0 0 0 0 0 1 0 0 0 0 0 0 0 0 0 0 0 0 0 0 0 0 0 0 0 0 0 0 0 0 0 0 0 0 0 0 0 0 0 0 0 0 0 0 0 0 0 0 0 0 0 0 0 0 0 0 0 0 0 0 0 0 0 0 0 0 0 0 0
0 0 0 0 0 0 0 0 0 0 0 0 0 0 0 0 0 0 0 0 0 0 0 0 0 0 0 0 0 0 0 0 0 0 0 0 0 0 0 0 0 0 0 0 0 0 0 0 0 0 0 0 0 0 0 0 0 0 0 0 0 0 0 0 0 0 0 0 0 1 0 0 0 0 0 0 0 0 0 0 0
0 0 0 0 0 0 0 0 0 0 0 0 0 0 0 0 0 0 0 0 0 0 0 0 1 0 0 0 0 0 0 0 0 0 0 0 0 0 0 0 0 0 0 1 0 0 0 0 0 0 0 0 0 0 0 0 0 0 0 0 0 0 0 0 0 0 1 0 0 0 0 0 0 0 0 0 1 1 0 0 0
0 0 0 0 0 0 0 0 0 0 0 0 0 0 0 0 0 0 0 0 0 0 0 0 0 0 0 0 0 0 0 0 0 0 0 0 0 0 0 0 0 0 0 0 0 0 0 0 0 0 0 0 0 0 0 0 1 0 0 1 0 0 0 0 0 0 0 0 0 0 0 0 0 0 0 1 0 0 0 0 0
0 0 0 0 0 0 0 0 0 0 0 0 0 0 0 0 0 0 0 0 0 0 0 0 0 0 0 0 0 0 0 0 0 0 0 0 0 0 0 0 0 0 0 0 0 0 0 0 0 0 0 0 0 0 0 0 0 0 0 0 0 1 0 0 0 0 0 0 0 0 0 0 0 0 0 0 0 0 0 0 0
0 0 0 0 0 0 0 0 0 0 0 0 1 0 0 0 0 0 0 0 0 0 0 0 0 0 0 0 0 0 0 0 0 0 0 0 0 0 0 0 0 0 0 0 0 0 0 0 0 0 0 0 0 0 0 0 0 0 0 0 0 0 0 0 0 0 0 0 0 0 0 0 0 0 0 0 0 0 0 0 0
0 0 0 0 0 0 0 0 0 0 0 0 0 0 0 0 0 0 1 0 0 0 0 0 0 0 0 0 0 0 0 0 1 0 0 0 0 0 0 0 0 0 0 0 0 0 0 0 0 0 0 0 0 1 0 0 0 0 0 0 0 0 0 0 0 0 0 0 0 0 1 0 0 0 0 0 0 0 0 0 0
0 0 0 0 0 0 0 0 0 0 0 0 0 0 0 0 0 0 0 0 0 0 1 1 0 0 0 0 0 0 0 0 0 0 0 0 0 0 0 0 0 0 0 0 0 0 0 0 0 0 0 0 0 0 0 0 0 0 0 0 0 0 0 0 0 0 0 0 0 0 0 0 0 0 0 0 0 0 0 0 0
0 0 0 0 0 0 0 0 0 0 0 0 0 0 0 0 0 0 0 0 0 0 0 0 0 0 0 0 0 0 0 0 0 0 0 0 0 0 0 0 0 0 0 0 0 0 0 0 0 0 0 0 0 0 0 0 0 0 0 0 0 0 0 0 0 0 0 0 0 0 0 0 0 1 0 0 0 0 0 0 0
0 0 0 0 0 0 0 0 0 0 0 0 0 0 0 0 0 0 0 0 0 0 0 0 0 0 0 0 0 0 0 0 0 0 0 0 0 0 0 0 0 0 0 0 0 0 0 0 0 0 0 0 0 1 0 0 0 0 0 0 0 0 0 0 0 0 0 0 0 0 0 0 0 0 0 0 0 0 0 0 0
0 0 0 0 0 0 0 0 0 1 0 0 0 0 0 0 0 0 0 0 0 0 0 0 0 0 0 0 0 1 0 0 0 0 0 0 0 0 0 0 0 0 0 0 0 0 0 0 0 0 0 0 0 0 0 0 0 0 0 0 0 0 0 0 0 0 0 0 0 0 0 0 0 0 0 0 0 0 0 0 0
1 0 0 0 0 0 0 0 0 0 0 0 0 0 0 0 0 0 0 0 0 0 0 0 0 0 0 0 0 0 0 0 0 0 0 0 0 0 0 0 0 0 0 0 0 0 0 0 0 0 0 0 0 0 1 0 0 0 0 0 0 0 0 0 0 0 0 0 0 0 0 0 0 0 0 0 0 0 0 0 0
0 0 0 0 0 0 0 0 0 0 0 0 0 0 0 0 0 0 0 0 0 0 0 0 0 0 0 0 0 0 0 0 0 0 0 0 0 0 0 0 0 0 0 0 0 0 0 0 0 0 0 0 0 0 0 0 0 0 0 0 0 0 0 0 0 1 0 0 0 0 0 0 0 0 0 0 0 0 0 0 0
0 0 0 0 0 0 0 0 0 0 0 0 0 0 0 0 0 0 0 0 0 0 0 0 0 0 0 0 0 0 0 0 1 0 0 0 0 0 0 0 0 0 0 0 0 0 0 0 0 0 0 0 0 0 0 0 0 0 0 0 0 0 0 0 0 0 0 0 0 0 0 0 0 0 0 0 0 0 0 0 0
0 0 0 0 0 0 0 0 0 0 0 0 0 0 0 0 0 0 1 0 0 0 0 0 0 0 0 0 0 0 0 0 0 0 0 0 0 0 0 0 0 0 0 0 0 0 0 0 0 0 0 0 0 0 0 0 0 0 0 0 0 0 0 0 0 0 0 0 0 0 0 0 0 0 0 0 0 0 0 0 0
0 0 0 0 0 0 0 0 0 0 0 1 0 0 0 0 0 0 0 0 0 0 0 0 0 0 0 0 0 0 0 0 0 0 0 0 0 0 0 0 0 0 0 0 0 0 0 0 0 0 0 0 0 0 0 0 0 0 0 0 0 0 1 0 0 0 0 0 0 0 0 0 0 0 0 0 0 0 0 0 0
0 0 0 0 0 0 0 0 0 0 0 0 0 0 0 0 0 0 0 0 0 0 0 0 0 0 0 0 0 0 0 0 0 0 0 0 0 0 0 0 0 0 0 0 0 0 0 0 0 0 0 0 1 0 0 0 0 0 0 0 0 0 0 0 0 0 0 0 0 0 0 0 0 0 0 0 0 0 0 0 0
0 0 0 0 0 0 0 0 0 0 0 0 0 0 0 0 0 0 0 0 0 0 0 0 0 1 0 1 0 0 0 0 0 0 0 0 0 0 0 0 0 0 0 0 0 0 0 0 0 0 0 0 0 0 0 0 0 0 0 0 0 0 0 0 0 0 0 0 0 0 0 0 0 0 0 0 0 0 0 0 0
0 0 0 0 0 1 0 0 0 0 0 0 0 0 0 0 0 0 0 0 0 0 0 0 0 0 0 0 0 0 0 0 0 0 0 0 0 0 0 0 0 0 0 0 0 0 0 0 0 0 0 0 0 0 0 0 0 0 0 0 0 0 0 0 0 0 0 0 0 0 0 0 0 0 0 0 0 0 0 0 0
0 0 0 0 0 0 0 0 0 0 0 0 0 0 0 0 0 0 0 0 0 0 0 0 0 0 0 0 0 0 0 0 0 0 0 0 0 0 0 0 0 0 0 0 0 0 0 0 0 0 0 1 0 0 0 0 0 0 0 0 0 0 0 0 0 0 0 0 0 0 0 0 0 0 0 0 0 0 0 1 0
0 0 0 0 0 0 0 0 0 0 0 0 0 0 0 0 0 0 0 0 0 0 0 0 0 0 0 0 0 0 0 0 0 0 0 0 0 0 0 0 1 0 0 0 0 0 0 0 0 0 0 0 0 0 0 0 1 0 0 0 0 0 0 0 0 0 0 0 0 0 0 0 0 0 0 0 0 0 0 0 0
0 0 0 0 0 0 0 0 1 0 0 0 0 0 0 0 0 0 0 0 0 0 0 0 0 0 0 0 0 0 0 0 0 0 1 0 0 0 0 0 0 0 0 0 0 0 0 0 0 0 0 0 0 0 0 0 0 0 0 0 0 0 0 0 0 0 0 0 0 0 0 0 0 0 0 0 0 0 0 0 0
0 0 0 0 0 0 0 0 0 0 0 0 0 0 0 0 0 0 0 0 0 0 0 0 0 0 0 0 0 0 0 1 0 0 0 0 0 0 0 0 0 0 0 0 0 0 0 0 1 0 0 0 0 0 0 0 0 0 0 0 0 0 0 0 0 0 0 0 0 0 0 0 0 0 0 0 0 0 0 0 0
0 0 0 0 0 0 0 0 0 0 0 0 0 0 0 0 0 0 0 0 0 0 0 0 0 0 0 0 0 1 0 0 0 0 0 0 0 0 0 0 0 0 0 0 0 0 0 0 0 0 0 0 0 0 0 0 0 0 1 0 0 0 0 0 0 0 0 0 0 0 0 0 0 0 0 0 0 0 0 0 0
0 0 0 0 0 0 0 0 0 0 0 0 0 0 0 0 0 0 0 0 0 0 0 0 0 0 1 0 0 0 0 0 0 0 0 0 0 0 0 0 0 0 0 0 0 0 0 0 0 0 0 0 0 0 0 0 0 0 0 0 0 0 0 0 0 0 0 0 0 0 0 0 0 0 0 0 0 0 0 0 0
0 0 0 0 0 0 0 0 0 0 0 0 0 0 0 0 0 0 0 0 0 0 0 0 0 0 0 1 0 0 0 0 0 0 0 0 0 0 0 0 0 0 0 0 0 0 0 0 1 0 0 0 0 1 0 0 0 0 0 0 0 0 0 0 0 0 0 0 0 0 0 0 0 0 0 0 0 0 0 0 0
0 0 0 0 0 0 0 0 0 0 0 0 0 0 0 0 0 0 0 0 1 0 0 0 0 0 0 0 0 0 0 0 0 0 0 0 0 0 0 0 0 0 0 0 0 0 0 0 0 0 0 0 1 0 0 0 0 0 0 0 0 0 0 0 0 0 0 0 0 0 0 0 0 0 0 0 0 0 0 0 0
1 0 0 0 0 0 0 0 0 0 0 0 1 0 0 0 0 0 0 0 0 1 0 0 0 0 0 0 0 0 0 0 0 0 0 0 0 0 0 0 0 0 0 0 0 0 0 0 0 0 0 0 1 0 0 0 0 0 0 0 0 0 0 0 0 0 0 0 0 0 0 0 0 0 0 0 0 0 0 0 0
0 0 0 0 0 0 0 0 0 0 0 0 0 1 0 0 0 0 0 0 0 0 0 0 0 0 0 0 0 0 0 0 0 0 0 0 0 0 0 0 0 0 0 0 0 0 0 0 0 0 0 0 0 0 0 0 0 0 0 0 0 0 0 0 0 0 0 0 0 0 0 0 0 0 0 0 0 0 0 0 0
0 0 0 0 0 0 0 0 0 0 0 0 0 0 0 0 0 0 0 0 0 0 0 0 0 1 0 0 0 0 0 0 0 0 0 0 0 0 0 0 0 0 0 0 0 0 0 0 0 0 0 0 0 0 0 0 0 0 0 0 0 0 0 0 0 0 0 0 0 1 0 0 0 0 0 0 0 0 0 0 0
0 0 0 0 0 0 0 0 0 1 0 0 0 0 0 1 0 0 0 0 0 0 0 0 0 0 0 0 0 0 0 0 0 0 0 0 0 0 0 0 0 0 0 0 0 0 0 0 0 0 0 0 0 0 0 0 0 0 0 0 0 0 0 0 0 0 0 0 0 0 0 0 0 0 0 0 0 0 0 0 0
500
5 pac 0 org 34 dst 7
7 pac 1 org 59 dst 12
7 pac 2 org 0 dst 32
16 pac 3 org 55 dst 20
20 pac 4 org 4 dst 38
27 pac 5 org 66 dst 64
31 pac 6 org 70 dst 21
33 pac 7 org 10 dst 33
38 pac 8 org 29 dst 17
38 pac 9 org 14 dst 42
44 pac 10 org 72 dst 40
45 pac 11 org 48 dst 23
49 pac 12 org 21 dst 52
55 pac 13 org 28 dst 23
57 pac 14 org 72 dst 5
63 pac 15 org 68 dst 59
65 pac 16 org 55 dst 50
66 pac 17 org 9 dst 63
69 pac 18 org 45 dst 67
73 pac 19 org 54 dst 42
76 pac 20 org 44 dst 39
77 pac 21 org 61 dst 76
85 pac 22 org 23 dst 50
85 pac 23 org 1 dst 24
92 pac 24 org 63 dst 32
99 pac 25 org 8 dst 77
106 pac 26 org 29 dst 66
110 pac 27 org 78 dst 23
116 pac 28 org 79 dst 70
116 pac 29 org 69 dst 60
119 pac 30 org 7 dst 4
125 pac 31 org 53 dst 8
128 pac 32 org 8 dst 12
128 pac 33 org 9 dst 52
136 pac 34 org 66 dst 33
136 pac 35 org 19 dst 28
136 pac 36 org 12 dst 34
138 pac 37 org 78 dst 11
141 pac 38 org 77 dst 50
150 pac 39 org 29 dst 43
155 pac 40 org 61 dst 57
158 pac 41 org 52 dst 67
158 pac 42 org 48 dst 71
158 pac 43 org 55 dst 14
159 pac 44 org 5 dst 40
164 pac 45 org 44 dst 10
167 pac 46 org 61 dst 78
171 pac 47 org 52 dst 77
172 pac 48 org 3 dst 33
176 pac 49 org 24 dst 8
180 pac 50 org 68 dst 69
184 pac 51 org 16 dst 20
188 pac 52 org 21 dst 80
195 pac 53 org 54 dst 50
200 pac 54 org 32 dst 80
204 pac 55 org 27 dst 61
205 pac 56 org 45 dst 51
211 pac 57 org 12 dst 1
216 pac 58 org 58 dst 36
221 pac 59 org 34 dst 63
228 pac 60 org 3 dst 80
228 pac 61 org 34 dst 6
236 pac 62 org 16 dst 39
239 pac 63 org 11 dst 12
242 pac 64 org 61 dst 31
243 pac 65 org 4 dst 76
246 pac 66 org 74 dst 48
255 pac 67 org 8 dst 40
260 pac 68 org 35 dst 9
260 pac 69 org 71 dst 52
267 pac 70 org 22 dst 70
273 pac 71 org 48 dst 9
282 pac 72 org 68 dst 70
288 pac 73 org 71 dst 22
288 pac 74 org 19 dst 32
295 pac 75 org 18 dst 63
298 pac 76 org 45 dst 42
302 pac 77 org 22 dst 65
309 pac 78 org 66 dst 18
318 pac 79 org 61 dst 22
322 pac 80 org 6 dst 58
324 pac 81 org 57 dst 36
328 pac 82 org 57 dst 4
328 pac 83 org 61 dst 3
331 pac 84 org 20 dst 32
332 pac 85 org 3 dst 41
340 pac 86 org 56 dst 33
342 pac 87 org 60 dst 38
347 pac 88 org 60 dst 38
348 pac 89 org 62 dst 57
351 pac 90 org 4 dst 39
358 pac 91 org 56 dst 70
367 pac 92 org 76 dst 14
376 pac 93 org 15 dst 42
380 pac 94 org 58 dst 0
382 pac 95 org 78 dst 18
388 pac 96 org 40 dst 37
393 pac 97 org 29 dst 2
395 pac 98 org 28 dst 18
395 pac 99 org 9 dst 28
400 pac 100 org 20 dst 63
401 pac 101 org 15 dst 63
409 pac 102 org 40 dst 35
413 pac 103 org 28 dst 67
414 pac 104 org 13 dst 11
416 pac 105 org 51 dst 54
418 pac 106 org 2 dst 63
424 pac 107 org 25 dst 11
424 pac 108 org 69 dst 9
424 pac 109 org 69 dst 32
432 pac 110 org 8 dst 66
441 pac 111 org 31 dst 8
441 pac 112 org 12 dst 2
447 pac 113 org 1 dst 62
448 pac 114 org 16 dst 56
453 pac 115 org 54 dst 46
458 pac 116 org 17 dst 71
465 pac 117 org 66 dst 14
471 pac 118 org 19 dst 37
476 pac 119 org 41 dst 61
476 pac 120 org 57 dst 35
483 pac 121 org 34 dst 6
491 pac 122 org 64 dst 58
496 pac 123 org 56 dst 41
500 pac 124 org 30 dst 7
502 pac 125 org 64 dst 1
502 pac 126 org 50 dst 1
502 pac 127 org 52 dst 8
511 pac 128 org 64 dst 34
511 pac 129 org 53 dst 52
519 pac 130 org 71 dst 78
528 pac 131 org 53 dst 19
529 pac 132 org 37 dst 42
535 pac 133 org 5 dst 45
535 pac 134 org 42 dst 24
539 pac 135 org 57 dst 80
542 pac 136 org 73 dst 4
545 pac 137 org 59 dst 33
550 pac 138 org 8 dst 35
555 pac 139 org 73 dst 75
559 pac 140 org 41 dst 56
563 pac 141 org 64 dst 24
567 pac 142 org 16 dst 14
576 pac 143 org 76 dst 49
581 pac 144 org 29 dst 38
589 pac 145 org 12 dst 55
590 pac 146 org 1 dst 49
590 pac 147 org 55 dst 25
592 pac 148 org 8 dst 9
593 pac 149 org 64 dst 31
597 pac 150 org 19 dst 0
597 pac 151 org 58 dst 8
606 pac 152 org 56 dst 60
614 pac 153 org 59 dst 62
614 pac 154 org 52 dst 35
614 pac 155 org 26 dst 13
623 pac 156 org 33 dst 2
632 pac 157 org 49 dst 2
640 pac 158 org 62 dst 2
644 pac 159 org 7 dst 9
644 pac 160 org 12 dst 27
649 pac 161 org 27 dst 11
657 pac 162 org 67 dst 29
663 pac 163 org 77 dst 35
665 pac 164 org 11 dst 32
667 pac 165 org 80 dst 66
672 pac 166 org 66 dst 27
681 pac 167 org 67 dst 29
685 pac 168 org 49 dst 31
689 pac 169 org 21 dst 65
690 pac 170 org 74 dst 28
694 pac 171 org 27 dst 34
695 pac 172 org 65 dst 20
700 pac 173 org 17 dst 44
704 pac 174 org 68 dst 73
711 pac 175 org 51 dst 63
718 pac 176 org 70 dst 47
724 pac 177 org 66 dst 65
725 pac 178 org 61 dst 79
731 pac 179 org 33 dst 32
740 pac 180 org 20 dst 74
747 pac 181 org 46 dst 11
752 pac 182 org 59 dst 53
755 pac 183 org 11 dst 64
760 pac 184 org 33 dst 75
764 pac 185 org 14 dst 57
767 pac 186 org 44 dst 25
771 pac 187 org 14 dst 62
773 pac 188 org 79 dst 15
777 pac 189 org 32 dst 76
778 pac 190 org 18 dst 65
780 pac 191 org 80 dst 41
787 pac 192 org 8 dst 59
795 pac 193 org 56 dst 64
798 pac 194 org 11 dst 42
804 pac 195 org 4 dst 64
809 pac 196 org 51 dst 43
811 pac 197 org 7 dst 9
816 pac 198 org 0 dst 70
819 pac 199 org 8 dst 66
824 pac 200 org 3 dst 63
827 pac 201 org 52 dst 59
834 pac 202 org 50 dst 76
839 pac 203 org 72 dst 38
848 pac 204 org 4 dst 3
856 pac 205 org 23 dst 63
864 pac 206 org 79 dst 60
869 pac 207 org 8 dst 24
877 pac 208 org 5 dst 35
878 pac 209 org 35 dst 80
879 pac 210 org 60 dst 75
883 pac 211 org 2 dst 66
884 pac 212 org 50 dst 26
887 pac 213 org 22 dst 66
893 pac 214 org 3 dst 27
894 pac 215 org 72 dst 6
901 pac 216 org 19 dst 13
902 pac 217 org 35 dst 60
903 pac 218 org 21 dst 51
905 pac 219 org 75 dst 59
909 pac 220 org 76 dst 63
915 pac 221 org 15 dst 30
917 pac 222 org 25 dst 23
918 pac 223 org 75 dst 44
925 pac 224 org 61 dst 67
934 pac 225 org 7 dst 74
934 pac 226 org 1 dst 51
934 pac 227 org 52 dst 73
942 pac 228 org 80 dst 0
945 pac 229 org 60 dst 45
954 pac 230 org 70 dst 74
959 pac 231 org 64 dst 23
964 pac 232 org 41 dst 79
970 pac 233 org 43 dst 78
972 pac 234 org 46 dst 55
981 pac 235 org 43 dst 20
982 pac 236 org 68 dst 9
987 pac 237 org 80 dst 36
987 pac 238 org 58 dst 50
995 pac 239 org 18 dst 55
997 pac 240 org 14 dst 42
1003 pac 241 org 66 dst 27
1009 pac 242 org 64 dst 18
1011 pac 243 org 7 dst 0
1020 pac 244 org 25 dst 46
1021 pac 245 org 19 dst 52
1030 pac 246 org 61 dst 49
1032 pac 247 org 15 dst 16
1033 pac 248 org 11 dst 64
1038 pac 249 org 71 dst 24
1045 pac 250 org 13 dst 8
1052 pac 251 org 11 dst 79
1057 pac 252 org 52 dst 69
1064 pac 253 org 1 dst 50
1066 pac 254 org 34 dst 72
1066 pac 255 org 38 dst 45
1070 pac 256 org 43 dst 30
1075 pac 257 org 16 dst 80
1077 pac 258 org 60 dst 33
1083 pac 259 org 9 dst 30
1089 pac 260 org 75 dst 37
1091 pac 261 org 6 dst 2
1095 pac 262 org 43 dst 4
1097 pac 263 org 71 dst 73
1097 pac 264 org 16 dst 60
1105 pac 265 org 59 dst 17
1113 pac 266 org 29 dst 13
1118 pac 267 org 0 dst 63
1125 pac 268 org 55 dst 26
1129 pac 269 org 13 dst 55
1132 pac 270 org 76 dst 8
1132 pac 271 org 14 dst 4
1136 pac 272 org 8 dst 57
1145 pac 273 org 53 dst 32
1148 pac 274 org 55 dst 50
1156 pac 275 org 19 dst 77
1160 pac 276 org 38 dst 64
1162 pac 277 org 51 dst 58
1171 pac 278 org 57 dst 19
1179 pac 279 org 12 dst 42
1179 pac 280 org 70 dst 27
1188 pac 281 org 48 dst 44
1196 pac 282 org 73 dst 62
1198 pac 283 org 32 dst 11
1200 pac 284 org 79 dst 61
1204 pac 285 org 36 dst 8
1204 pac 286 org 29 dst 17
1213 pac 287 org 78 dst 4
1217 pac 288 org 7 dst 74
1222 pac 289 org 53 dst 62
1225 pac 290 org 25 dst 48
1229 pac 291 org 7 dst 56
1236 pac 292 org 62 dst 55
1243 pac 293 org 5 dst 26
1248 pac 294 org 22 dst 2
1248 pac 295 org 40 dst 50
1256 pac 296 org 48 dst 31
1256 pac 297 org 39 dst 6
1260 pac 298 org 23 dst 33
1260 pac 299 org 51 dst 58
1265 pac 300 org 36 dst 77
1265 pac 301 org 43 dst 10
1273 pac 302 org 52 dst 24
1280 pac 303 org 58 dst 23
1281 pac 304 org 62 dst 10
1283 pac 305 org 44 dst 33
1292 pac 306 org 39 dst 8
1292 pac 307 org 29 dst 9
1300 pac 308 org 50 dst 70
1308 pac 309 org 11 dst 19
1313 pac 310 org 22 dst 58
1317 pac 311 org 27 dst 74
1318 pac 312 org 45 dst 21
1326 pac 313 org 27 dst 19
1335 pac 314 org 63 dst 54
1338 pac 315 org 27 dst 59
1342 pac 316 org 27 dst 33
1342 pac 317 org 37 dst 49
1343 pac 318 org 61 dst 47
1347 pac 319 org 39 dst 25
1350 pac 320 org 27 dst 80
1352 pac 321 org 60 dst 25
1352 pac 322 org 56 dst 42
1354 pac 323 org 27 dst 39
1355 pac 324 org 40 dst 10
1362 pac 325 org 44 dst 31
1365 pac 326 org 21 dst 29
1366 pac 327 org 76 dst 6
1375 pac 328 org 28 dst 51
1377 pac 329 org 32 dst 48
1380 pac 330 org 73 dst 34
1381 pac 331 org 42 dst 7
1383 pac 332 org 44 dst 28
1389 pac 333 org 80 dst 54
1397 pac 334 org 28 dst 80
1401 pac 335 org 58 dst 69
1402 pac 336 org 25 dst 6
1404 pac 337 org 49 dst 43
1412 pac 338 org 46 dst 57
1420 pac 339 org 59 dst 30
1424 pac 340 org 80 dst 36
1433 pac 341 org 25 dst 73
1435 pac 342 org 14 dst 60
1440 pac 343 org 64 dst 12
1440 pac 344 org 62 dst 50
1447 pac 345 org 9 dst 69
1447 pac 346 org 52 dst 18
1449 pac 347 org 13 dst 63
1457 pac 348 org 73 dst 67
1458 pac 349 org 60 dst 11
1465 pac 350 org 79 dst 57
1472 pac 351 org 54 dst 45
1474 pac 352 org 58 dst 71
1480 pac 353 org 78 dst 63
1481 pac 354 org 12 dst 23
1482 pac 355 org 50 dst 20
1491 pac 356 org 36 dst 14
1491 pac 357 org 64 dst 0
1497 pac 358 org 26 dst 54
1504 pac 359 org 6 dst 25
1505 pac 360 org 14 dst 55
1514 pac 361 org 51 dst 10
1521 pac 362 org 68 dst 19
1527 pac 363 org 72 dst 44
1527 pac 364 org 18 dst 30
1534 pac 365 org 48 dst 50
1543 pac 366 org 26 dst 32
1543 pac 367 org 44 dst 8
1552 pac 368 org 1 dst 14
1555 pac 369 org 79 dst 12
1560 pac 370 org 14 dst 45
1565 pac 371 org 15 dst 30
1570 pac 372 org 31 dst 69
1575 pac 373 org 52 dst 60
1583 pac 374 org 30 dst 26
1587 pac 375 org 28 dst 47
1591 pac 376 org 44 dst 72
1599 pac 377 org 68 dst 28
1601 pac 378 org 48 dst 75
1605 pac 379 org 79 dst 73
1608 pac 380 org 44 dst 80
1611 pac 381 org 4 dst 36
1612 pac 382 org 63 dst 72
1619 pac 383 org 58 dst 40
1627 pac 384 org 72 dst 36
1630 pac 385 org 0 dst 56
1633 pac 386 org 44 dst 23
1637 pac 387 org 57 dst 2
1643 pac 388 org 67 dst 52
1647 pac 389 org 62 dst 44
1656 pac 390 org 49 dst 43
1660 pac 391 org 45 dst 9
1669 pac 392 org 25 dst 41
1672 pac 393 org 35 dst 78
1679 pac 394 org 49 dst 3
1687 pac 395 org 63 dst 13
1692 pac 396 org 72 dst 34
1700 pac 397 org 33 dst 74
1703 pac 398 org 34 dst 43
1704 pac 399 org 13 dst 11
1705 pac 400 org 18 dst 39
1706 pac 401 org 48 dst 47
1707 pac 402 org 67 dst 28
1709 pac 403 org 78 dst 76
1713 pac 404 org 16 dst 18
1719 pac 405 org 12 dst 32
1723 pac 406 org 64 dst 43
1731 pac 407 org 76 dst 62
1735 pac 408 org 46 dst 9
1743 pac 409 org 52 dst 27
1747 pac 410 org 58 dst 60
1750 pac 411 org 29 dst 66
1750 pac 412 org 60 dst 73
1755 pac 413 org 16 dst 48
1756 pac 414 org 22 dst 41
1765 pac 415 org 78 dst 55
1770 pac 416 org 61 dst 28
1778 pac 417 org 50 dst 68
1781 pac 418 org 41 dst 78
1785 pac 419 org 73 dst 41
1787 pac 420 org 73 dst 62
1795 pac 421 org 5 dst 19
1799 pac 422 org 31 dst 32
1805 pac 423 org 39 dst 17
1810 pac 424 org 19 dst 52
1813 pac 425 org 45 dst 32
1816 pac 426 org 14 dst 5
1821 pac 427 org 71 dst 50
1826 pac 428 org 48 dst 78
1831 pac 429 org 0 dst 56
1838 pac 430 org 12 dst 71
1845 pac 431 org 45 dst 65
1845 pac 432 org 36 dst 29
1852 pac 433 org 41 dst 7
1852 pac 434 org 13 dst 67
1858 pac 435 org 31 dst 69
1861 pac 436 org 40 dst 36
1861 pac 437 org 5 dst 6
1861 pac 438 org 9 dst 75
1870 pac 439 org 75 dst 27
1876 pac 440 org 59 dst 77
1883 pac 441 org 5 dst 23
1883 pac 442 org 77 dst 79
1891 pac 443 org 69 dst 50
1897 pac 444 org 73 dst 48
1899 pac 445 org 31 dst 69
1906 pac 446 org 60 dst 64
1913 pac 447 org 14 dst 38
1918 pac 448 org 49 dst 55
1922 pac 449 org 62 dst 74
1924 pac 450 org 65 dst 11
1928 pac 451 org 19 dst 79
1933 pac 452 org 10 dst 63
1933 pac 453 org 30 dst 44
1942 pac 454 org 70 dst 53
1950 pac 455 org 60 dst 21
1956 pac 456 org 50 dst 34
1962 pac 457 org 11 dst 50
1965 pac 458 org 80 dst 25
1973 pac 459 org 27 dst 26
1974 pac 460 org 38 dst 25
1982 pac 461 org 21 dst 19
1990 pac 462 org 15 dst 30
1993 pac 463 org 41 dst 18
1994 pac 464 org 28 dst 5
2002 pac 465 org 2 dst 66
2005 pac 466 org 26 dst 46
2008 pac 467 org 39 dst 68
2012 pac 468 org 3 dst 24
2020 pac 469 org 34 dst 50
2022 pac 470 org 44 dst 57
2031 pac 471 org 31 dst 0
2039 pac 472 org 63 dst 78
2039 pac 473 org 35 dst 66
2043 pac 474 org 53 dst 20
2050 pac 475 org 26 dst 7
2054 pac 476 org 19 dst 14
2055 pac 477 org 14 dst 17
2055 pac 478 org 54 dst 42
2064 pac 479 org 61 dst 30
2064 pac 480 org 34 dst 57
2072 pac 481 org 43 dst 4
2080 pac 482 org 61 dst 1
2088 pac 483 org 49 dst 40
2091 pac 484 org 35 dst 30
2100 pac 485 org 69 dst 26
2104 pac 486 org 19 dst 1
2107 pac 487 org 51 dst 37
2112 pac 488 org 55 dst 58
2118 pac 489 org 53 dst 24
2123 pac 490 org 36 dst 22
2125 pac 491 org 12 dst 11
2134 pac 492 org 31 dst 59
2138 pac 493 org 70 dst 21
2147 pac 494 org 9 dst 24
2151 pac 495 org 54 dst 4
2154 pac 496 org 77 dst 35
2155 pac 497 org 0 dst 32
2157 pac 498 org 20 dst 41
2163 pac 499 org 76 dst 54
