5
20
100
1
96
0 0 0 0 0 0 0 0 0 0 0 0 0 0 0 0 0 0 0 0 0 0 0 0 0 0 0 0 0 0 0 0 0 0 0 0 0 0 0 0 0 0 0 0 0 0 0 0 0 0 0 0 0 0 1 1 0 0 0 0 0 0 0 0 0 0 0 0 0 0 0 0 0 1 0 0 0 0 0 0 0 0 0 0 0 0 0 0 0 0 0 0 0 0 0 0
0 0 0 0 0 0 0 0 0 0 0 0 0 0 0 0 0 0 0 0 0 0 0 0 0 0 0 0 0 0 0 0 0 0 0 0 0 0 0 0 0 0 0 0 0 0 0 0 0 0 0 0 0 0 0 0 0 0 0 0 0 0 0 0 0 0 0 0 0 0 0 0 0 0 0 0 0 0 0 0 0 0 0 0 0 0 0 0 0 0 0 0 1 0 0 0
0 0 0 0 0 0 0 0 0 0 0 0 0 0 0 0 0 0 0 0 0 0 0 0 0 0 0 0 0 0 0 0 0 0 0 0 0 0 0 0 0 0 0 0 0 0 0 0 0 0 0 0 0 0 0 0 0 0 0 0 0 1 0 0 0 0 0 0 0 0 0 0 0 0 0 0 0 0 0 0 0 0 0 0 0 0 0 0 0 0 0 0 0 0 0 0
0 0 0 0 0 0 0 0 0 0 0 0 0 0 0 0 0 0 0 0 0 0 0 0 0 0 0 0 0 1 0 0 0 0 0 0 0 0 0 0 0 0 0 1 0 0 0 0 0 0 0 0 0 0 0 0 0 0 0 0 0 0 0 0 0 0 0 0 0 0 0 0 0 0 0 0 0 0 0 0 0 0 0 0 0 0 0 0 0 0 0 0 0 0 0 0
0 0 0 0 0 0 0 0 0 0 0 0 0 0 0 0 0 0 0 0 0 0 0 0 0 0 0 0 0 0 0 0 0 0 0 0 0 0 0 0 0 0 0 0 0 0 0 0 0 0 0 0 0 1 0 0 0 0 0 0 0 0 0 0 0 0 0 0 0 0 0 0 0 0 0 0 0 0 0 0 0 0 0 0 0 0 0 0 0 0 0 0 0 0 0 0
0 0 0 0 0 0 0 0 0 0 0 0 0 0 0 0 0 0 0 0 0 0 0 0 0 0 0 0 0 0 0 0 0 0 0 0 0 0 0 0 0 0 0 0 0 0 0 0 0 0 0 0 0 0 0 0 1 0 0 0 0 0 0 0 0 0 0 0 0 0 0 0 0 0 0 0 0 0 0 0 0 0 0 0 0 0 0 0 0 0 0 0 0 0 0 0
0 0 0 0 0 0 0 0 0 0 0 0 1 0 0 0 0 0 0 0 0 0 0 0 0 0 1 0 0 0 0 0 0 0 0 0 0 0 0 0 0 0 0 0 0 0 0 0 0 0 0 0 0 0 0 0 0 0 0 0 0 0 0 0 0 0 0 0 0 0 0 0 0 0 0 0 0 0 0 0 0 1 0 0 0 0 0 0 0 0 0 0 0 0 0 0
0 0 0 0 0 0 0 0 0 0 0 0 0 0 0 0 0 0 0 0 0 0 0 0 0 0 0 0 0 0 0 0 0 0 0 0 0 0 0 0 0 0 0 0 0 0 0 0 0 0 0 0 0 0 1 0 0 0 0 0 0 0 0 1 0 0 0 0 0 0 0 0 0 0 0 0 0 0 0 0 0 0 0 0 0 0 0 0 0 0 0 0 0 0 0 0
0 0 0 0 0 0 0 0 0 0 0 0 0 0 0 0 0 0 0 1 0 0 0 0 0 0 0 0 0 0 0 0 0 0 1 0 0 0 0 0 0 0 0 0 0 0 0 0 0 0 0 0 0 0 0 0 0 0 0 0 0 0 0 0 0 0 0 0 0 0 0 0 0 0 0 0 0 0 0 0 0 0 0 0 0 0 0 0 0 0 0 0 0 0 0 0
0 0 0 0 0 0 0 0 0 0 0 0 0 0 0 0 0 0 0 0 0 0 0 0 0 0 0 0 0 0 0 0 0 0 0 0 0 0 0 0 0 0 0 0 0 0 1 0 0 0 0 0 0 0 0 0 0 0 0 0 0 0 0 0 0 0 0 0 0 0 0 0 0 0 0 0 0 0 0 0 0 0 0 0 0 0 0 0 0 0 0 0 0 0 0 0
0 0 0 0 0 0 0 0 0 0 0 0 0 0 0 0 0 0 0 0 0 0 0 0 0 0 0 0 0 0 0 0 0 0 0 0 0 0 0 0 0 0 0 0 0 0 0 0 0 0 0 0 0 0 0 0 0 0 0 0 0 0 0 0 0 0 0 0 0 0 0 0 0 0 0 0 0 0 0 0 0 0 0 0 1 0 0 0 0 0 0 0 0 0 0 1
0 0 0 0 0 0 0 0 0 0 0 0 0 0 0 0 1 0 0 0 0 0 0 0 0 0 0 0 0 0 0 0 0 0 0 0 0 0 0 0 0 0 0 0 0 0 0 0 0 0 0 0 0 0 0 0 0 0 0 0 0 0 0 0 0 0 0 0 0 0 0 0 1 0 0 0 0 0 0 0 0 0 0 0 0 0 0 0 0 0 0 0 0 0 0 0
0 0 0 0 0 0 1 0 0 0 0 0 0 0 0 0 0 0 0 0 0 0 0 0 0 0 0 0 0 0 0 0 0 0 0 0 0 0 0 0 0 0 0 0 0 0 0 0 0 0 0 0 0 0 0 0 0 0 0 0 0 0 0 0 0 0 0 0 0 0 0 0 0 0 0 0 0 0 0 0 0 0 0 0 0 0 0 0 0 0 0 0 0 0 0 0
0 0 0 0 0 0 0 0 0 0 0 0 0 0 0 0 0 0 0 0 0 0 0 0 1 0 0 0 0 0 0 0 0 0 0 0 0 0 0 0 0 0 0 0 0 0 0 0 0 0 0 0 0 0 0 0 0 0 0 0 0 0 0 0 0 0 0 0 0 0 0 0 0 0 0 0 0 1 0 0 0 0 0 0 0 0 0 0 0 0 0 0 0 0 0 0
0 0 0 0 0 0 0 0 0 0 0 0 0 0 0 0 0 0 0 0 0 0 0 0 0 0 0 0 0 0 0 0 0 0 0 0 0 0 0 0 0 0 0 0 0 0 0 0 0 0 0 0 0 0 0 0 0 0 0 0 0 0 0 0 0 1 0 0 0 0 0 0 0 0 0 0 0 0 0 0 0 0 0 0 0 0 0 0 0 0 0 1 0 0 0 0
0 0 0 0 0 0 0 0 0 0 0 0 0 0 0 0 0 0 0 0 0 0 0 0 0 0 1 0 0 0 0 0 0 0 0 0 0 0 0 0 0 0 0 0 0 0 0 0 0 0 0 0 0 0 0 0 0 0 0 0 0 0 0 0 0 0 0 0 0 0 0 0 0 0 0 0 0 0 0 0 0 0 0 0 0 0 0 0 0 0 0 0 0 0 0 0
0 0 0 0 0 0 0 0 0 0 0 1 0 0 0 0 0 0 0 0 0 0 0 0 0 0 0 0 0 0 0 0 0 0 0 0 0 0 0 0 0 0 0 0 0 0 0 0 0 0 0 0 0 0 0 0 0 0 0 0 0 0 0 0 0 0 0 0 0 0 0 0 0 0 0 0 0 0 0 0 0 0 0 0 0 0 0 0 0 0 0 0 0 1 0 0
0 0 0 0 0 0 0 0 0 0 0 0 0 0 0 0 0 0 0 0 1 0 0 0 0 0 0 0 0 0 0 0 0 0 0 0 0 0 0 0 0 0 0 0 0 0 0 0 0 0 0 0 0 0 0 0 0 0 0 0 0 0 0 0 0 0 0 0 0 0 0 0 0 0 0 0 0 0 0 0 0 0 0 0 0 0 0 0 0 0 0 0 0 0 0 0
0 0 0 0 0 0 0 0 0 0 0 0 0 0 0 0 0 0 0 0 0 0 0 0 0 0 0 0 0 0 0 0 0 0 0 0 0 0 0 0 0 0 0 0 0 0 0 0 0 0 0 0 1 0 0 0 1 0 0 0 0 0 0 0 0 0 0 0 0 0 0 0 0 0 0 0 0 0 0 0 0 0 0 0 0 0 0 0 0 0 0 0 0 0 0 1
0 0 0 0 0 0 0 0 1 0 0 0 0 0 0 0 0 0 0 0 0 0 0 0 0 0 0 0 0 0 0 0 0 0 0 0 0 0 0 0 0 0 0 0 0 0 0 0 0 0 0 0 0 0 0 0 0 0 0 0 0 0 0 0 0 0 0 0 0 0 0 0 0 0 0 0 0 0 0 0 0 0 0 0 0 0 0 0 0 0 0 0 0 0 0 0
0 0 0 0 0 0 0 0 0 0 0 0 0 0 0 0 0 1 0 0 0 0 0 0 0 0 0 0 0 0 0 0 0 0 0 0 0 0 0 0 0 0 0 0 0 0 0 0 0 0 0 0 0 0 0 0 1 0 0 1 0 0 0 0 0 0 0 0 0 0 0 0 0 0 0 0 0 0 0 0 0 0 0 0 0 0 0 0 0 0 0 0 0 0 0 0
0 0 0 0 0 0 0 0 0 0 0 0 0 0 0 0 0 0 0 0 0 0 0 0 0 0 0 0 0 0 0 0 0 0 0 0 0 0 0 0 0 0 0 0 0 0 0 0 0 1 0 0 0 0 0 0 0 0 0 0 0 0 0 0 0 0 1 0 0 0 0 0 0 0 0 0 0 0 0 0 0 0 0 0 0 0 0 0 0 0 0 0 0 0 0 0
0 0 0 0 0 0 0 0 0 0 0 0 0 0 0 0 0 0 0 0 0 0 0 0 0 0 0 0 0 0 0 0 0 0 0 0 0 0 0 0 0 0 0 0 0 0 0 0 0 0 0 0 0 0 0 0 0 0 0 0 0 0 0 0 0 0 0 0 0 0 0 0 0 0 0 0 1 0 0 0 0 0 0 0 0 0 0 0 0 0 0 0 0 0 0 0
0 0 0 0 0 0 0 0 0 0 0 0 0 0 0 0 0 0 0 0 0 0 0 0 0 0 0 0 0 0 0 0 0 0 0 0 0 0 0 0 0 0 0 0 0 0 1 1 0 0 0 0 0 0 0 0 0 0 0 0 0 0 0 0 0 0 0 0 0 0 0 0 0 0 0 0 0 0 0 0 0 0 0 0 0 0 0 1 0 0 0 0 0 0 0 0
0 0 0 0 0 0 0 0 0 0 0 0 0 1 0 0 0 0 0 0 0 0 0 0 0 0 0 0 0 0 0 1 0 0 0 0 0 0 0 0 0 0 0 0 0 0 0 0 0 0 0 0 0 0 0 0 0 0 0 0 0 0 0 0 0 0 0 0 0 0 0 0 0 0 0 0 0 0 0 0 0 0 0 0 0 0 0 0 0 0 1 0 0 0 0 0
0 0 0 0 0 0 0 0 0 0 0 0 0 0 0 0 0 0 0 0 0 0 0 0 0 0 0 0 0 0 0 0 0 0 0 0 0 0 0 1 0 0 0 0 0 0 0 0 0 0 0 0 0 0 0 0 0 0 0 0 0 0 0 0 0 0 0 0 0 0 0 0 0 0 0 0 0 0 0 0 0 0 0 0 0 0 0 0 0 0 0 1 0 0 0 0
0 0 0 0 0 0 1 0 0 0 0 0 0 0 0 1 0 0 0 0 0 0 0 0 0 0 0 0 0 0 0 0 0 0 0 0 0 0 0 0 0 0 0 0 0 1 0 0 0 0 0 0 0 0 0 0 0 0 0 0 0 0 0 0 0 0 0 1 0 0 0 0 0 0 0 0 0 0 0 0 0 0 0 0 0 0 0 0 0 0 0 0 0 0 0 0
0 0 0 0 0 0 0 0 0 0 0 0 0 0 0 0 0 0 0 0 0 0 0 0 0 0 0 0 0 0 0 0 0 0 0 0 0 0 0 0 0 0 0 0 0 0 0 0 0 0 0 0 0 0 0 0 0 0 0 0 0 0 0 0 0 0 0 1 0 1 0 0 0 0 0 0 0 0 0 0 0 0 0 0 0 0 0 0 0 0 0 0 0 0 0 0
0 0 0 0 0 0 0 0 0 0 0 0 0 0 0 0 0 0 0 0 0 0 0 0 0 0 0 0 0 0 0 0 0 0 0 0 0 0 0 0 0 0 1 0 0 0 0 0 0 0 0 0 0 0 0 0 0 0 0 0 0 0 1 0 0 0 0 0 0 0 0 0 0 0 0 0 0 0 0 0 0 0 0 0 0 0 0 0 0 0 0 0 0 0 0 0
0 0 0 1 0 0 0 0 0 0 0 0 0 0 0 0 0 0 0 0 0 0 0 0 0 0 0 0 0 0 0 0 0 0 0 0 0 0 0 0 0 0 0 0 0 0 0 0 0 0 0 0 0 0 0 0 0 0 0 0 0 0 0 0 0 0 0 0 0 0 0 0 0 0 0 0 0 0 0 0 0 0 0 0 0 0 0 0 0 0 0 0 0 0 0 0
0 0 0 0 0 0 0 0 0 0 0 0 0 0 0 0 0 0 0 0 0 0 0 0 0 0 0 0 0 0 0 0 0 0 0 0 0 0 0 0 0 1 0 0 0 0 0 0 0 0 0 0 0 0 0 0 0 0 0 0 0 0 0 0 0 0 0 0 0 0 0 0 0 0 0 0 0 0 0 1 0 0 0 0 0 0 0 0 0 0 0 0 0 0 1 0
0 0 0 0 0 0 0 0 0 0 0 0 0 0 0 0 0 0 0 0 0 0 0 0 1 0 0 0 0 0 0 0 0 0 0 0 0 0 0 0 0 0 0 0 0 0 0 0 0 0 0 0 0 0 0 0 0 0 0 0 0 0 0 0 0 0 0 0 0 0 0 0 0 0 0 0 0 0 0 0 0 0 0 0 0 0 0 1 0 0 0 0 0 0 0 0
0 0 0 0 0 0 0 0 0 0 0 0 0 0 0 0 0 0 0 0 0 0 0 0 0 0 0 0 0 0 0 0 0 0 0 0 0 0 0 0 0 0 0 0 0 0 0 0 0 0 0 0 0 0 0 0 1 0 0 0 0 0 0 0 0 0 0 0 0 0 0 0 0 0 0 0 0 0 0 0 1 0 0 0 0 0 0 0 0 1 0 0 0 0 0 0
0 0 0 0 0 0 0 0 0 0 0 0 0 0 0 0 0 0 0 0 0 0 0 0 0 0 0 0 0 0 0 0 0 0 0 0 0 0 0 0 0 0 0 0 0 0 0 0 0 0 0 0 0 0 0 1 0 0 0 0 0 0 0 0 0 0 0 0 0 0 0 0 0 0 0 0 0 0 0 0 0 0 0 0 0 0 0 0 0 0 0 0 0 0 0 1
0 0 0 0 0 0 0 0 1 0 0 0 0 0 0 0 0 0 0 0 0 0 0 0 0 0 0 0 0 0 0 0 0 0 0 0 0 0 0 0 0 0 0 0 0 0 0 0 0 0 0 0 0 0 0 0 0 0 0 0 0 0 0 0 0 0 0 0 0 0 0 0 0 0 1 0 0 0 0 0 0 0 0 0 0 0 0 0 0 0 0 0 0 0 0 0
0 0 0 0 0 0 0 0 0 0 0 0 0 0 0 0 0 0 0 0 0 0 0 0 0 0 0 0 0 0 0 0 0 0 0 0 0 0 0 0 0 0 0 0 0 0 0 0 0 0 0 0 0 0 0 0 0 0 0 0 0 0 0 0 0 0 0 0 0 0 0 1 1 0 0 0 0 0 0 0 0 0 0 0 0 0 1 0 0 0 0 0 0 0 0 0
0 0 0 0 0 0 0 0 0 0 0 0 0 0 0 0 0 0 0 0 0 0 0 0 0 0 0 0 0 0 0 0 0 0 0 0 0 0 0 0 0 0 0 0 0 0 0 0 0 0 0 0 0 0 1 0 0 0 1 0 0 0 0 0 0 0 0 0 0 0 0 0 0 0 0 0 0 0 0 0 0 0 0 0 0 0 0 0 0 0 0 0 0 0 0 0
0 0 0 0 0 0 0 0 0 0 0 0 0 0 0 0 0 0 0 0 0 0 0 0 0 0 0 0 0 0 0 0 0 0 0 0 0 0 0 0 0 0 0 0 0 0 0 0 0 0 0 0 0 0 0 0 0 0 0 0 0 0 0 0 0 0 0 0 0 0 0 0 0 0 0 0 1 0 0 0 0 0 0 0 0 0 1 0 0 0 0 0 0 0 1 0
0 0 0 0 0 0 0 0 0 0 0 0 0 0 0 0 0 0 0 0 0 0 0 0 0 0 0 0 0 0 0 0 0 0 0 0 0 0 0 0 0 0 0 0 0 0 0 0 0 0 0 0 0 0 0 0 0 0 0 0 0 0 0 0 0 0 1 0 0 0 0 0 0 0 0 1 0 0 0 0 0 0 0 0 0 0 0 0 0 0 0 0 0 0 0 0
0 0 0 0 0 0 0 0 0 0 0 0 0 0 0 0 0 0 0 0 0 0 0 0 0 1 0 0 0 0 0 0 0 0 0 0 0 0 0 0 0 0 0 0 0 0 0 0 0 0 0 0 0 0 0 0 0 0 0 0 0 0 0 0 0 0 0 0 0 0 0 0 0 0 0 0 0 0 0 0 0 0 0 0 0 0 0 0 0 0 0 0 0 0 0 0
0 0 0 0 0 0 0 0 0 0 0 0 0 0 0 0 0 0 0 0 0 0 0 0 0 0 0 0 0 0 0 0 0 0 0 0 0 0 0 0 0 0 0 0 0 0 0 0 1 0 0 0 0 0 0 0 0 0 0 0 0 0 0 0 0 0 0 0 0 0 0 0 0 0 0 0 0 0 0 0 0 0 0 0 0 0 0 0 0 0 0 0 0 0 0 0
0 0 0 0 0 0 0 0 0 0 0 0 0 0 0 0 0 0 0 0 0 0 0 0 0 0 0 0 0 0 1 0 0 0 0 0 0 0 0 0 0 0 0 0 0 0 0 0 0 0 0 0 0 0 0 0 0 0 0 0 0 0 0 0 0 0 0 0 0 0 0 0 0 0 0 0 0 0 0 0 0 0 0 0 0 1 0 0 0 0 0 0 0 0 0 0
0 0 0 0 0 0 0 0 0 0 0 0 0 0 0 0 0 0 0 0 0 0 0 0 0 0 0 0 1 0 0 0 0 0 0 0 0 0 0 0 0 0 0 0 0 0 0 0 0 0 0 0 0 0 0 0 0 0 0 0 0 0 0 0 0 0 0 0 0 0 0 0 0 0 0 0 0 0 0 0 0 0 0 0 0 0 0 0 0 0 0 0 0 0 0 0
0 0 0 1 0 0 0 0 0 0 0 0 0 0 0 0 0 0 0 0 0 0 0 0 0 0 0 0 0 0 0 0 0 0 0 0 0 0 0 0 0 0 0 0 0 0 0 0 0 0 0 0 0 0 0 0 0 0 0 0 0 0 0 0 0 0 0 0 0 1 0 0 0 0 0 0 0 0 0 0 0 0 0 0 0 0 0 0 0 0 0 0 0 0 0 0
0 0 0 0 0 0 0 0 0 0 0 0 0 0 0 0 0 0 0 0 0 0 0 0 0 0 0 0 0 0 0 0 0 0 0 0 0 0 0 0 0 0 0 0 0 0 0 0 0 0 0 0 0 1 0 0 0 0 0 0 0 0 0 0 0 0 0 0 0 0 0 0 0 0 0 0 0 0 0 0 0 0 0 0 0 0 0 0 0 0 0 0 0 0 0 0
0 0 0 0 0 0 0 0 0 0 0 0 0 0 0 0 0 0 0 0 0 0 0 0 0 0 1 0 0 0 0 0 0 0 0 0 0 0 0 0 0 0 0 0 0 0 0 0 0 0 0 0 0 0 0 0 0 0 0 0 0 0 0 0 0 0 0 0 0 0 0 0 0 0 0 0 0 0 0 0 0 0 0 0 0 0 0 0 0 0 0 0 0 0 0 0
0 0 0 0 0 0 0 0 0 1 0 0 0 0 0 0 0 0 0 0 0 0 0 1 0 0 0 0 0 0 0 0 0 0 0 0 0 0 0 0 0 0 0 0 0 0 0 0 0 0 0 0 0 0 0 0 0 0 0 0 0 0 0 0 0 0 0 0 0 0 0 0 0 0 0 0 0 0 0 0 0 0 0 0 0 0 0 0 0 0 0 0 0 0 0 0
0 0 0 0 0 0 0 0 0 0 0 0 0 0 0 0 0 0 0 0 0 0 0 1 0 0 0 0 0 0 0 0 0 0 0 0 0 0 0 0 0 0 0 0 0 0 0 0 0 0 0 0 0 0 0 0 0 0 0 0 0 0 0 0 0 0 0 0 0 0 0 0 0 0 0 0 0 0 0 0 0 0 0 0 0 0 0 0 0 0 0 0 0 0 0 0
0 0 0 0 0 0 0 0 0 0 0 0 0 0 0 0 0 0 0 0 0 0 0 0 0 0 0 0 0 0 0 0 0 0 0 0 0 0 0 0 1 0 0 0 0 0 0 0 0 0 0 0 0 0 1 0 0 0 0 0 0 0 0 0 0 0 0 0 0 0 0 0 0 0 0 0 0 0 0 0 0 0 0 1 0 0 0 0 0 0 0 0 0 0 0 0
0 0 0 0 0 0 0 0 0 0 0 0 0 0 0 0 0 0 0 0 0 1 0 0 0 0 0 0 0 0 0 0 0 0 0 0 0 0 0 0 0 0 0 0 0 0 0 0 0 0 0 0 0 1 0 0 0 0 0 0 0 0 0 0 0 0 0 0 0 0 0 0 0 0 0 0 0 0 0 0 0 0 0 0 0 0 0 0 0 0 0 0 0 0 0 0
0 0 0 0 0 0 0 0 0 0 0 0 0 0 0 0 0 0 0 0 0 0 0 0 0 0 0 0 0 0 0 0 0 0 0 0 0 0 0 0 0 0 0 0 0 0 0 0 0 0 0 0 0 0 0 0 0 0 0 1 0 0 0 0 0 0 0 0 0 0 0 0 0 0 0 0 0 0 0 0 0 0 0 0 0 0 0 0 0 0 0 0 0 0 0 0
0 0 0 0 0 0 0 0 0 0 0 0 0 0 0 0 0 0 0 0 0 0 0 0 0 0 0 0 0 0 0 0 0 0 0 0 0 0 0 0 0 0 0 0 0 0 0 0 0 0 0 0 0 0 0 1 0 0 0 0 0 0 1 0 0 0 0 0 0 0 0 0 0 0 0 0 0 0 0 0 0 0 0 0 0 0 0 0 0 0 0 0 0 0 0 0
0 0 0 0 0 0 0 0 0 0 0 0 0 0 0 0 0 0 1 0 0 0 0 0 0 0 0 0 0 0 0 0 0 0 0 0 0 0 0 0 0 0 0 0 0 0 0 0 0 0 0 0 0 0 0 0 0 0 0 0 0 0 0 0 0 0 0 0 0 0 0 0 0 0 0 0 0 0 0 0 0 0 0 0 0 0 0 0 0 0 0 0 0 0 0 0
0 0 0 0 1 0 0 0 0 0 0 0 0 0 0 0 0 0 0 0 0 0 0 0 0 0 0 0 0 0 0 0 0 0 0 0 0 0 0 0 0 0 0 0 1 0 0 0 0 1 0 0 0 0 0 0 0 0 0 0 0 0 0 0 0 0 0 0 0 0 0 0 0 0 0 0 0 0 0 0 0 0 0 0 0 0 0 0 1 0 0 0 0 0 0 0
1 0 0 0 0 0 0 1 0 0 0 0 0 0 0 0 0 0 0 0 0 0 0 0 0 0 0 0 0 0 0 0 0 0 0 0 1 0 0 0 0 0 0 0 0 0 0 0 1 0 0 0 0 0 0 0 0 0 0 0 0 0 0 0 0 0 0 0 0 0 0 0 0 0 0 0 0 0 0 0 0 0 0 0 0 0 0 0 0 0 0 0 0 0 1 0
1 0 0 0 0 0 0 0 0 0 0 0 0 0 0 0 0 0 0 0 0 0 0 0 0 0 0 0 0 0 0 0 0 1 0 0 0 0 0 0 0 0 0 0 0 0 0 0 0 0 0 1 0 0 0 0 0 0 0 0 0 0 0 0 0 0 0 0 0 0 0 0 0 0 0 0 0 0 0 0 0 0 0 0 0 0 0 0 0 0 0 0 0 0 0 0
0 0 0 0 0 1 0 0 0 0 0 0 0 0 0 0 0 0 1 0 1 0 0 0 0 0 0 0 0 0 0 0 1 0 0 0 0 0 0 0 0 0 0 0 0 0 0 0 0 0 0 0 0 0 0 0 0 0 0 0 0 0 0 0 0 0 0 0 0 0 0 0 0 0 0 0 0 0 0 0 0 0 0 0 0 0 0 0 0 0 0 0 0 0 0 0
0 0 0 0 0 0 0 0 0 0 0 0 0 0 0 0 0 0 0 0 0 0 0 0 0 0 0 0 0 0 0 0 0 0 0 0 0 0 0 0 0 0 0 0 0 0 0 0 0 0 0 0 0 0 0 0 0 0 0 0 0 0 0 0 0 0 0 0 0 0 0 0 0 0 0 0 0 0 0 0 0 0 0 0 0 1 0 0 0 0 0 0 0 0 0 0
0 0 0 0 0 0 0 0 0 0 0 0 0 0 0 0 0 0 0 0 0 0 0 0 0 0 0 0 0 0 0 0 0 0 0 0 1 0 0 0 0 0 0 0 0 0 0 0 0 0 0 0 0 0 0 0 0 0 0 0 0 0 0 0 0 0 0 0 0 0 0 0 0 0 0 0 0 0 0 0 0 0 0 0 0 0 0 0 0 0 0 0 0 0 0 0
0 0 0 0 0 0 0 0 0 0 0 0 0 0 0 0 0 0 0 0 1 0 0 0 0 0 0 0 0 0 0 0 0 0 0 0 0 0 0 0 0 0 0 0 0 0 0 0 0 0 1 0 0 0 0 0 0 0 0 0 0 0 0 0 0 0 0 0 0 0 0 0 0 0 0 0 0 0 0 0 0 0 0 0 0 0 0 0 0 0 0 0 0 0 0 0
0 0 0 0 0 0 0 0 0 0 0 0 0 0 0 0 0 0 0 0 0 0 0 0 0 0 0 0 0 0 0 0 0 0 0 0 0 0 0 0 0 0 0 0 0 0 0 0 0 0 0 0 0 0 0 0 0 0 0 0 0 0 0 0 0 0 0 0 0 0 0 0 0 0 0 0 0 0 0 0 0 0 1 0 0 0 0 0 0 0 0 0 0 0 0 0
0 0 1 0 0 0 0 0 0 0 0 0 0 0 0 0 0 0 0 0 0 0 0 0 0 0 0 0 0 0 0 0 0 0 0 0 0 0 0 0 0 0 0 0 0 0 0 0 0 0 0 0 0 0 0 0 0 0 0 0 0 0 0 0 0 0 0 0 0 0 0 0 0 0 0 0 0 0 0 0 0 0 0 0 0 0 0 0 0 0 1 0 0 0 0 0
0 0 0 0 0 0 0 0 0 0 0 0 0 0 0 0 0 0 0 0 0 0 0 0 0 0 0 0 1 0 0 0 0 0 0 0 0 0 0 0 0 0 0 0 0 0 0 0 0 0 0 1 0 0 0 0 0 0 0 0 0 0 0 0 0 0 0 0 0 0 0 0 0 0 0 0 0 0 1 0 0 0 0 0 0 0 0 0 0 0 0 0 1 0 0 0
0 0 0 0 0 0 0 1 0 0 0 0 0 0 0 0 0 0 0 0 0 0 0 0 0 0 0 0 0 0 0 0 0 0 0 0 0 0 0 0 0 0 0 0 0 0 0 0 0 0 0 0 0 0 0 0 0 0 0 0 0 0 0 0 0 0 0 1 0 0 1 0 0 0 0 0 0 0 0 0 0 0 0 0 0 0 0 0 0 0 1 0 0 0 0 0
0 0 0 0 0 0 0 0 0 0 0 0 0 0 0 0 0 0 0 0 0 0 0 0 0 0 0 0 0 0 0 0 0 0 0 0 0 0 0 0 0 0 0 0 0 0 0 0 0 0 0 0 0 0 0 0 0 0 0 0 0 0 0 0 0 0 0 0 0 0 0 0 1 0 0 0 0 0 0 0 0 0 0 0 0 0 0 0 0 0 0 0 0 0 0 0
0 0 0 0 0 0 0 0 0 0 0 0 0 0 1 0 0 0 0 0 0 0 0 0 0 0 0 0 0 0 0 0 0 0 0 0 0 0 0 0 0 0 0 0 0 0 0 0 0 0 0 0 0 0 0 0 0 0 0 0 0 0 0 0 0 0 0 0 0 0 0 0 0 0 1 0 0 0 0 0 0 0 0 0 0 0 0 0 0 0 0 0 0 0 0 0
0 0 0 0 0 0 0 0 0 0 0 0 0 0 0 0 0 0 0 0 0 1 0 0 0 0 0 0 0 0 0 0 0 0 0 0 0 0 1 0 0 0 0 0 0 0 0 0 0 0 0 0 0 0 0 0 0 0 0 0 0 0 0 0 0 0 0 0 0 0 0 0 0 0 0 0 0 0 0 0 0 0 0 0 1 0 0 0 0 0 0 0 0 0 0 0
0 0 0 0 0 0 0 0 0 0 0 0 0 0 0 0 0 0 0 0 0 0 0 0 0 0 1 1 0 0 0 0 0 0 0 0 0 0 0 0 0 0 0 0 0 0 0 0 0 0 0 0 0 0 0 0 0 0 0 0 0 0 0 1 0 0 0 0 0 0 0 0 0 0 0 0 0 0 0 0 0 0 0 0 0 0 0 0 0 0 0 0 0 0 0 0
0 0 0 0 0 0 0 0 0 0 0 0 0 0 0 0 0 0 0 0 0 0 0 0 0 0 0 0 0 0 0 0 0 0 0 0 0 0 0 0 0 0 0 0 0 0 0 0 0 0 0 0 0 0 0 0 0 0 0 0 0 0 0 0 0 0 0 0 0 0 0 0 0 0 0 0 0 0 0 0 0 0 0 0 0 0 1 0 0 0 0 0 0 0 0 0
0 0 0 0 0 0 0 0 0 0 0 0 0 0 0 0 0 0 0 0 0 0 0 0 0 0 0 1 0 0 0 0 0 0 0 0 0 0 0 0 0 0 0 1 0 0 0 0 0 0 0 0 0 0 0 0 0 0 0 0 0 0 0 0 0 0 0 0 0 0 0 0 0 0 0 0 0 0 0 0 0 0 0 0 0 0 0 0 0 0 0 0 0 0 0 0
0 0 0 0 0 0 0 0 0 0 0 0 0 0 0 0 0 0 0 0 0 0 0 0 0 0 0 0 0 0 0 0 0 0 0 0 0 0 0 0 0 0 0 0 0 0 0 0 0 0 0 0 0 0 0 0 0 0 0 0 0 0 0 1 0 0 0 0 0 0 0 0 0 0 0 0 0 0 0 0 0 0 0 0 0 0 0 0 0 0 0 0 0 0 0 0
0 0 0 0 0 0 0 0 0 0 0 0 0 0 0 0 0 0 0 0 0 0 0 0 0 0 0 0 0 0 0 0 0 0 0 1 0 0 0 0 0 0 0 0 0 0 0 0 0 0 0 0 0 0 0 0 0 0 0 0 0 0 0 0 0 0 0 0 0 0 0 0 0 0 0 0 0 0 0 0 0 0 0 0 0 0 0 0 0 0 0 0 0 0 0 0
0 0 0 0 0 0 0 0 0 0 0 1 0 0 0 0 0 0 0 0 0 0 0 0 0 0 0 0 0 0 0 0 0 0 0 1 0 0 0 0 0 0 0 0 0 0 0 0 0 0 0 0 0 0 0 0 0 0 0 0 0 0 0 0 1 0 0 0 0 0 0 0 0 0 0 0 0 0 0 0 0 0 0 0 0 0 0 0 0 0 0 0 0 0 0 0
1 0 0 0 0 0 0 0 0 0 0 0 0 0 0 0 0 0 0 0 0 0 0 0 0 0 0 0 0 0 0 0 0 0 0 0 0 0 0 0 0 0 0 0 0 0 0 0 0 0 0 0 0 0 0 0 0 0 0 0 0 0 0 0 0 0 0 0 0 0 0 0 0 0 0 0 0 0 0 0 0 0 0 0 0 0 0 0 0 0 0 0 0 0 0 0
0 0 0 0 0 0 0 0 0 0 0 0 0 0 0 0 0 0 0 0 0 0 0 0 0 0 0 0 0 0 0 0 0 0 1 0 0 0 0 0 0 0 0 0 0 0 0 0 0 0 0 0 0 0 0 0 0 0 0 0 0 0 0 0 0 1 0 0 0 0 0 0 0 0 0 0 0 0 1 0 0 0 0 0 0 0 0 0 0 0 0 0 0 0 0 0
0 0 0 0 0 0 0 0 0 0 0 0 0 0 0 0 0 0 0 0 0 0 0 0 0 0 0 0 0 0 0 0 0 0 0 0 0 0 1 0 0 0 0 0 0 0 0 0 0 0 0 0 0 0 0 0 0 0 0 0 0 0 0 0 0 0 0 0 0 0 0 0 0 0 0 0 0 0 0 0 0 0 0 0 0 0 0 0 0 0 0 0 0 0 0 0
0 0 0 0 0 0 0 0 0 0 0 0 0 0 0 0 0 0 0 0 0 0 1 0 0 0 0 0 0 0 0 0 0 0 0 0 0 1 0 0 0 0 0 0 0 0 0 0 0 0 0 0 0 0 0 0 0 0 0 0 0 0 0 0 0 0 0 0 0 0 0 0 0 0 0 0 0 0 0 0 0 0 0 0 0 0 0 0 0 0 0 0 0 0 0 0
0 0 0 0 0 0 0 0 0 0 0 0 0 1 0 0 0 0 0 0 0 0 0 0 0 0 0 0 0 0 0 0 0 0 0 0 0 0 0 0 0 0 0 0 0 0 0 0 0 0 0 0 0 0 0 0 0 0 0 0 0 0 0 0 0 0 0 0 0 0 0 0 0 0 0 0 0 0 0 0 0 0 0 0 0 0 0 0 0 0 0 0 0 0 0 0
0 0 0 0 0 0 0 0 0 0 0 0 0 0 0 0 0 0 0 0 0 0 0 0 0 0 0 0 0 0 0 0 0 0 0 0 0 0 0 0 0 0 0 0 0 0 0 0 0 0 0 0 0 0 0 0 0 0 0 0 0 0 1 0 0 0 0 0 0 0 0 0 0 0 1 0 0 0 0 0 0 0 0 0 0 0 0 0 0 0 0 0 0 0 0 0
0 0 0 0 0 0 0 0 0 0 0 0 0 0 0 0 0 0 0 0 0 0 0 0 0 0 0 0 0 0 1 0 0 0 0 0 0 0 0 0 0 0 0 0 0 0 0 0 0 0 0 0 0 0 0 0 0 0 0 0 0 0 0 0 0 0 0 0 0 0 0 0 0 0 0 0 0 0 0 0 0 0 0 0 0 0 0 0 0 0 0 0 0 0 0 0
0 0 0 0 0 0 0 0 0 0 0 0 0 0 0 0 0 0 0 0 0 0 0 0 0 0 0 0 0 0 0 0 1 0 0 0 0 0 0 0 0 0 0 0 0 0 0 0 0 0 0 0 0 0 0 0 0 0 0 0 0 0 0 0 0 0 0 0 0 0 0 0 0 0 0 0 0 0 0 0 0 0 0 0 0 0 0 0 0 0 0 0 0 0 0 0
0 0 0 0 0 0 1 0 0 0 0 0 0 0 0 0 0 0 0 0 0 0 0 0 0 0 0 0 0 0 0 0 0 0 0 0 0 0 0 0 0 0 0 0 0 0 0 0 0 0 0 0 0 0 0 0 0 0 0 0 0 0 0 0 0 0 0 0 0 0 0 0 0 0 0 0 0 0 0 0 0 0 0 0 0 0 0 0 0 0 0 0 0 0 0 0
0 0 0 0 0 0 0 0 0 0 0 0 0 0 0 0 0 0 0 0 0 0 0 0 0 0 0 0 0 0 0 0 0 0 0 0 0 0 0 0 0 0 0 0 0 0 0 0 0 0 0 0 0 0 0 0 0 0 0 0 1 0 0 0 0 0 0 0 0 0 0 0 0 0 0 0 0 0 0 0 0 0 0 0 0 0 0 0 0 0 0 0 0 0 1 0
0 0 0 0 0 0 0 0 0 0 0 0 0 0 0 0 0 0 0 0 0 0 0 0 0 0 0 0 0 0 0 0 0 0 0 0 0 0 0 0 0 0 0 0 0 0 0 0 1 0 0 0 0 0 0 0 0 0 0 0 0 0 0 0 0 0 0 0 0 0 0 0 0 0 0 0 0 0 0 0 0 0 0 0 0 0 0 0 0 0 0 0 0 0 0 0
0 0 0 0 0 0 0 0 0 0 1 0 0 0 0 0 0 0 0 0 0 0 0 0 0 0 0 0 0 0 0 0 0 0 0 0 0 0 0 0 0 0 0 0 0 0 0 0 0 0 0 0 0 0 0 0 0 0 0 0 0 0 0 0 0 0 1 0 0 0 0 0 0 0 0 0 0 0 0 0 0 0 0 0 0 0 0 0 0 0 0 0 0 0 0 0
0 0 0 0 0 0 0 0 0 0 0 0 0 0 0 0 0 0 0 0 0 0 0 0 0 0 0 0 0 0 0 0 0 0 0 0 0 0 0 0 0 1 0 0 0 0 0 0 0 0 0 0 0 0 0 0 0 1 0 0 0 0 0 0 0 0 0 0 0 0 0 0 0 0 0 0 0 0 0 0 0 0 0 0 0 0 0 0 0 0 0 0 0 0 0 0
0 0 0 0 0 0 0 0 0 0 0 0 0 0 0 0 0 0 0 0 0 0 0 0 0 0 0 0 0 0 0 0 0 0 0 1 0 1 0 0 0 0 0 0 0 0 0 0 0 0 0 0 0 0 0 0 0 0 0 0 0 0 0 0 0 0 0 0 1 0 0 0 0 0 0 0 0 0 0 0 0 0 0 0 0 0 0 0 0 0 0 0 0 0 0 0
0 0 0 0 0 0 0 0 0 0 0 0 0 0 0 0 0 0 0 0 0 0 0 1 0 0 0 0 0 0 0 1 0 0 0 0 0 0 0 0 0 0 0 0 0 0 0 0 0 0 0 0 0 0 0 0 0 0 0 0 0 0 0 0 0 0 0 0 0 0 0 0 0 0 0 0 0 0 0 0 0 0 0 0 0 0 0 0 0 0 0 0 0 0 0 0
0 0 0 0 0 0 0 0 0 0 0 0 0 0 0 0 0 0 0 0 0 0 0 0 0 0 0 0 0 0 0 0 0 0 0 0 0 0 0 0 0 0 0 0 0 0 0 0 0 0 0 0 0 1 0 0 0 0 0 0 0 0 0 0 0 0 0 0 0 0 0 0 0 0 0 0 0 0 0 0 0 0 0 0 0 0 0 0 0 0 0 0 0 0 0 0
0 0 0 0 0 0 0 0 0 0 0 0 0 0 0 0 0 0 0 0 0 0 0 0 0 0 0 0 0 0 0 0 1 0 0 0 0 0 0 0 0 0 0 0 0 0 0 0 0 0 0 0 0 0 0 0 0 0 0 0 0 0 0 0 0 0 0 0 0 0 0 0 0 0 0 0 0 0 0 0 0 0 0 0 0 0 0 0 0 0 0 0 0 0 0 0
0 0 0 0 0 0 0 0 0 0 0 0 0 0 0 0 0 0 0 0 0 0 0 0 1 0 0 0 0 0 0 0 0 0 0 0 0 0 0 0 0 0 0 0 0 0 0 0 0 0 0 0 0 0 0 0 0 0 0 0 0 1 0 1 0 0 0 0 0 0 0 0 0 0 0 0 0 0 0 0 0 0 0 0 0 0 0 0 0 0 0 0 0 0 0 0
0 0 0 0 0 0 0 0 0 0 0 0 0 0 1 0 0 0 0 0 0 0 0 0 0 1 0 0 0 0 0 0 0 0 0 0 0 0 0 0 0 0 0 0 0 0 0 0 0 0 0 0 0 0 0 0 0 0 0 0 0 0 0 0 0 0 0 0 0 0 0 0 0 0 0 0 0 0 0 0 0 0 0 0 0 0 0 0 0 0 0 0 0 0 0 0
0 1 0 0 0 0 0 0 0 0 0 0 0 0 0 0 0 0 0 0 0 0 0 0 0 0 0 0 0 0 0 0 0 0 0 0 0 0 0 0 0 0 0 0 0 0 0 0 0 0 0 0 0 0 0 0 0 0 0 0 0 0 1 0 0 0 0 0 0 0 0 0 0 0 0 0 0 0 0 0 0 0 0 0 0 0 0 0 0 0 0 0 0 0 0 0
0 0 0 0 0 0 0 0 0 0 0 0 0 0 0 0 1 0 0 0 0 0 0 0 0 0 0 0 0 0 0 0 0 0 0 0 0 0 0 0 0 0 0 0 0 0 0 0 0 0 0 0 0 0 0 0 0 0 0 0 0 0 0 0 0 0 0 0 0 0 0 0 0 0 0 0 0 0 0 0 0 0 0 0 0 0 0 0 0 0 0 0 0 0 0 0
0 0 0 0 0 0 0 0 0 0 0 0 0 0 0 0 0 0 0 0 0 0 0 0 0 0 0 0 0 0 1 0 0 0 0 0 0 1 0 0 0 0 0 0 0 0 0 0 0 0 0 0 0 0 1 0 0 0 0 0 0 0 0 0 0 0 0 0 0 0 0 0 0 0 0 0 0 0 0 0 0 0 1 0 0 0 0 0 0 0 0 0 0 0 0 0
0 0 0 0 0 0 0 0 0 0 1 0 0 0 0 0 0 0 1 0 0 0 0 0 0 0 0 0 0 0 0 0 0 1 0 0 0 0 0 0 0 0 0 0 0 0 0 0 0 0 0 0 0 0 0 0 0 0 0 0 0 0 0 0 0 0 0 0 0 0 0 0 0 0 0 0 0 0 0 0 0 0 0 0 0 0 0 0 0 0 0 0 0 0 0 0
500
1 pac 0 org 0 dst 37
10 pac 1 org 66 dst 23
14 pac 2 org 4 dst 45
21 pac 3 org 78 dst 76
25 pac 4 org 83 dst 25
27 pac 5 org 12 dst 39
32 pac 6 org 35 dst 20
32 pac 7 org 17 dst 49
38 pac 8 org 85 dst 48
39 pac 9 org 57 dst 27
43 pac 10 org 25 dst 61
49 pac 11 org 33 dst 27
51 pac 12 org 86 dst 6
57 pac 13 org 81 dst 70
59 pac 14 org 66 dst 59
60 pac 15 org 11 dst 75
63 pac 16 org 53 dst 79
67 pac 17 org 64 dst 50
70 pac 18 org 52 dst 46
71 pac 19 org 72 dst 91
79 pac 20 org 27 dst 60
79 pac 21 org 1 dst 29
86 pac 22 org 75 dst 38
93 pac 23 org 10 dst 92
100 pac 24 org 35 dst 78
104 pac 25 org 92 dst 28
110 pac 26 org 93 dst 84
110 pac 27 org 82 dst 71
113 pac 28 org 8 dst 5
119 pac 29 org 63 dst 10
122 pac 30 org 9 dst 14
122 pac 31 org 11 dst 62
130 pac 32 org 79 dst 39
130 pac 33 org 22 dst 34
130 pac 34 org 14 dst 40
132 pac 35 org 92 dst 13
135 pac 36 org 91 dst 59
144 pac 37 org 34 dst 51
149 pac 38 org 72 dst 68
152 pac 39 org 62 dst 80
152 pac 40 org 56 dst 85
152 pac 41 org 65 dst 16
153 pac 42 org 6 dst 47
158 pac 43 org 52 dst 12
161 pac 44 org 72 dst 93
165 pac 45 org 61 dst 91
166 pac 46 org 3 dst 39
170 pac 47 org 29 dst 10
174 pac 48 org 81 dst 82
178 pac 49 org 19 dst 24
182 pac 50 org 25 dst 94
189 pac 51 org 64 dst 60
194 pac 52 org 38 dst 95
198 pac 53 org 32 dst 72
199 pac 54 org 54 dst 60
205 pac 55 org 14 dst 1
210 pac 56 org 69 dst 43
215 pac 57 org 41 dst 74
222 pac 58 org 4 dst 95
222 pac 59 org 40 dst 7
230 pac 60 org 19 dst 46
233 pac 61 org 13 dst 14
236 pac 62 org 73 dst 37
237 pac 63 org 4 dst 90
240 pac 64 org 88 dst 57
249 pac 65 org 10 dst 47
254 pac 66 org 42 dst 11
254 pac 67 org 84 dst 61
261 pac 68 org 26 dst 83
267 pac 69 org 57 dst 10
276 pac 70 org 80 dst 83
282 pac 71 org 85 dst 26
282 pac 72 org 22 dst 38
289 pac 73 org 22 dst 75
292 pac 74 org 54 dst 50
296 pac 75 org 26 dst 77
303 pac 76 org 78 dst 21
312 pac 77 org 72 dst 26
316 pac 78 org 8 dst 69
318 pac 79 org 68 dst 43
322 pac 80 org 68 dst 5
322 pac 81 org 72 dst 4
325 pac 82 org 24 dst 38
326 pac 83 org 3 dst 48
334 pac 84 org 67 dst 39
336 pac 85 org 71 dst 46
341 pac 86 org 71 dst 45
342 pac 87 org 74 dst 68
345 pac 88 org 4 dst 46
352 pac 89 org 66 dst 83
361 pac 90 org 90 dst 16
370 pac 91 org 17 dst 50
374 pac 92 org 69 dst 0
376 pac 93 org 92 dst 22
382 pac 94 org 47 dst 44
387 pac 95 org 34 dst 2
389 pac 96 org 33 dst 22
389 pac 97 org 11 dst 33
394 pac 98 org 24 dst 74
395 pac 99 org 18 dst 75
403 pac 100 org 48 dst 42
407 pac 101 org 34 dst 79
408 pac 102 org 16 dst 13
410 pac 103 org 60 dst 64
412 pac 104 org 3 dst 75
418 pac 105 org 30 dst 13
418 pac 106 org 81 dst 11
418 pac 107 org 81 dst 37
426 pac 108 org 10 dst 78
435 pac 109 org 37 dst 10
435 pac 110 org 15 dst 3
441 pac 111 org 1 dst 73
442 pac 112 org 19 dst 66
447 pac 113 org 65 dst 55
452 pac 114 org 21 dst 84
459 pac 115 org 79 dst 17
465 pac 116 org 23 dst 44
470 pac 117 org 49 dst 72
470 pac 118 org 67 dst 42
477 pac 119 org 41 dst 8
485 pac 120 org 76 dst 69
490 pac 121 org 67 dst 49
494 pac 122 org 35 dst 8
496 pac 123 org 76 dst 1
496 pac 124 org 59 dst 2
496 pac 125 org 62 dst 9
505 pac 126 org 76 dst 41
505 pac 127 org 63 dst 61
513 pac 128 org 84 dst 93
522 pac 129 org 63 dst 23
523 pac 130 org 44 dst 50
529 pac 131 org 6 dst 53
529 pac 132 org 50 dst 29
533 pac 133 org 68 dst 95
536 pac 134 org 86 dst 5
539 pac 135 org 70 dst 39
544 pac 136 org 10 dst 41
549 pac 137 org 86 dst 90
553 pac 138 org 49 dst 66
557 pac 139 org 76 dst 29
561 pac 140 org 19 dst 17
570 pac 141 org 90 dst 58
575 pac 142 org 34 dst 46
583 pac 143 org 15 dst 65
584 pac 144 org 2 dst 58
584 pac 145 org 65 dst 30
587 pac 146 org 26 dst 76
587 pac 147 org 17 dst 23
588 pac 148 org 46 dst 69
595 pac 149 org 9 dst 67
602 pac 150 org 86 dst 71
606 pac 151 org 78 dst 61
607 pac 152 org 7 dst 31
607 pac 153 org 3 dst 39
607 pac 154 org 90 dst 58
607 pac 155 org 89 dst 73
608 pac 156 org 83 dst 8
611 pac 157 org 42 dst 14
612 pac 158 org 5 dst 33
615 pac 159 org 53 dst 80
619 pac 160 org 81 dst 91
622 pac 161 org 61 dst 13
630 pac 162 org 20 dst 95
633 pac 163 org 23 dst 78
636 pac 164 org 54 dst 80
639 pac 165 org 93 dst 59
647 pac 166 org 47 dst 25
650 pac 167 org 45 dst 88
654 pac 168 org 15 dst 32
656 pac 169 org 40 dst 77
661 pac 170 org 17 dst 20
670 pac 171 org 52 dst 80
677 pac 172 org 44 dst 61
682 pac 173 org 70 dst 83
690 pac 174 org 76 dst 78
699 pac 175 org 64 dst 72
703 pac 176 org 10 dst 40
712 pac 177 org 64 dst 24
713 pac 178 org 94 dst 54
719 pac 179 org 71 dst 70
726 pac 180 org 56 dst 13
735 pac 181 org 37 dst 39
742 pac 182 org 50 dst 16
745 pac 183 org 43 dst 53
752 pac 184 org 36 dst 17
753 pac 185 org 45 dst 93
762 pac 186 org 22 dst 38
770 pac 187 org 40 dst 22
775 pac 188 org 15 dst 95
782 pac 189 org 25 dst 10
789 pac 190 org 67 dst 66
794 pac 191 org 79 dst 13
801 pac 192 org 29 dst 4
806 pac 193 org 59 dst 61
807 pac 194 org 53 dst 8
815 pac 195 org 28 dst 0
823 pac 196 org 51 dst 10
830 pac 197 org 38 dst 3
837 pac 198 org 56 dst 62
846 pac 199 org 36 dst 59
850 pac 200 org 73 dst 86
850 pac 201 org 56 dst 5
857 pac 202 org 92 dst 27
864 pac 203 org 81 dst 94
867 pac 204 org 80 dst 9
871 pac 205 org 50 dst 6
880 pac 206 org 79 dst 41
889 pac 207 org 15 dst 71
897 pac 208 org 16 dst 2
900 pac 209 org 44 dst 59
908 pac 210 org 14 dst 26
911 pac 211 org 36 dst 4
911 pac 212 org 66 dst 86
912 pac 213 org 15 dst 22
919 pac 214 org 71 dst 42
925 pac 215 org 18 dst 25
932 pac 216 org 11 dst 89
939 pac 217 org 26 dst 90
942 pac 218 org 40 dst 17
944 pac 219 org 59 dst 30
949 pac 220 org 25 dst 89
957 pac 221 org 15 dst 73
966 pac 222 org 72 dst 8
972 pac 223 org 94 dst 1
981 pac 224 org 0 dst 62
981 pac 225 org 3 dst 95
986 pac 226 org 77 dst 71
995 pac 227 org 38 dst 83
997 pac 228 org 93 dst 76
1006 pac 229 org 53 dst 48
1015 pac 230 org 53 dst 50
1019 pac 231 org 57 dst 38
1021 pac 232 org 55 dst 65
1030 pac 233 org 51 dst 24
1031 pac 234 org 81 dst 11
1036 pac 235 org 95 dst 43
1036 pac 236 org 68 dst 59
1044 pac 237 org 21 dst 65
1046 pac 238 org 17 dst 50
1052 pac 239 org 78 dst 32
1058 pac 240 org 76 dst 21
1060 pac 241 org 9 dst 0
1069 pac 242 org 30 dst 54
1070 pac 243 org 22 dst 62
1079 pac 244 org 72 dst 58
1081 pac 245 org 18 dst 19
1082 pac 246 org 13 dst 76
1087 pac 247 org 85 dst 28
1094 pac 248 org 15 dst 10
1101 pac 249 org 13 dst 93
1106 pac 250 org 62 dst 81
1113 pac 251 org 2 dst 59
1115 pac 252 org 40 dst 85
1115 pac 253 org 46 dst 54
1119 pac 254 org 52 dst 35
1124 pac 255 org 19 dst 95
1126 pac 256 org 71 dst 39
1132 pac 257 org 11 dst 35
1138 pac 258 org 89 dst 44
1140 pac 259 org 7 dst 3
1144 pac 260 org 51 dst 5
1146 pac 261 org 84 dst 87
1146 pac 262 org 19 dst 71
1154 pac 263 org 70 dst 20
1162 pac 264 org 35 dst 16
1167 pac 265 org 0 dst 75
1174 pac 266 org 65 dst 30
1178 pac 267 org 16 dst 66
1181 pac 268 org 91 dst 9
1181 pac 269 org 17 dst 4
1185 pac 270 org 9 dst 68
1194 pac 271 org 62 dst 38
1197 pac 272 org 65 dst 60
1205 pac 273 org 23 dst 91
1209 pac 274 org 45 dst 76
1211 pac 275 org 61 dst 69
1220 pac 276 org 68 dst 23
1228 pac 277 org 14 dst 50
1228 pac 278 org 83 dst 32
1237 pac 279 org 57 dst 52
1245 pac 280 org 87 dst 74
1247 pac 281 org 38 dst 13
1249 pac 282 org 94 dst 72
1253 pac 283 org 43 dst 10
1253 pac 284 org 35 dst 20
1262 pac 285 org 92 dst 5
1266 pac 286 org 9 dst 88
1271 pac 287 org 62 dst 73
1274 pac 288 org 30 dst 57
1278 pac 289 org 8 dst 66
1285 pac 290 org 74 dst 65
1292 pac 291 org 6 dst 31
1297 pac 292 org 27 dst 3
1297 pac 293 org 47 dst 59
1305 pac 294 org 57 dst 37
1305 pac 295 org 46 dst 7
1309 pac 296 org 27 dst 39
1309 pac 297 org 61 dst 69
1314 pac 298 org 43 dst 91
1314 pac 299 org 51 dst 13
1322 pac 300 org 61 dst 29
1329 pac 301 org 69 dst 27
1330 pac 302 org 73 dst 12
1332 pac 303 org 53 dst 39
1341 pac 304 org 47 dst 10
1341 pac 305 org 34 dst 11
1349 pac 306 org 59 dst 83
1357 pac 307 org 13 dst 22
1362 pac 308 org 27 dst 69
1366 pac 309 org 32 dst 87
1367 pac 310 org 53 dst 25
1375 pac 311 org 32 dst 23
1384 pac 312 org 75 dst 65
1387 pac 313 org 32 dst 69
1391 pac 314 org 33 dst 39
1391 pac 315 org 44 dst 58
1392 pac 316 org 73 dst 56
1396 pac 317 org 46 dst 29
1399 pac 318 org 32 dst 95
1401 pac 319 org 71 dst 29
1401 pac 320 org 67 dst 50
1403 pac 321 org 32 dst 46
1404 pac 322 org 48 dst 12
1411 pac 323 org 52 dst 37
1414 pac 324 org 25 dst 35
1415 pac 325 org 90 dst 7
1424 pac 326 org 33 dst 60
1426 pac 327 org 38 dst 57
1429 pac 328 org 87 dst 41
1430 pac 329 org 50 dst 8
1432 pac 330 org 52 dst 34
1438 pac 331 org 95 dst 64
1446 pac 332 org 33 dst 95
1450 pac 333 org 69 dst 82
1451 pac 334 org 30 dst 8
1453 pac 335 org 59 dst 51
1461 pac 336 org 54 dst 67
1469 pac 337 org 70 dst 35
1473 pac 338 org 95 dst 43
1482 pac 339 org 30 dst 87
1484 pac 340 org 17 dst 71
1489 pac 341 org 76 dst 15
1489 pac 342 org 74 dst 59
1496 pac 343 org 11 dst 82
1496 pac 344 org 61 dst 21
1498 pac 345 org 15 dst 74
1506 pac 346 org 87 dst 79
1507 pac 347 org 71 dst 13
1514 pac 348 org 94 dst 67
1521 pac 349 org 64 dst 54
1523 pac 350 org 69 dst 85
1529 pac 351 org 92 dst 75
1530 pac 352 org 14 dst 28
1531 pac 353 org 59 dst 24
1540 pac 354 org 42 dst 16
1540 pac 355 org 76 dst 0
1546 pac 356 org 31 dst 65
1553 pac 357 org 7 dst 29
1554 pac 358 org 16 dst 65
1563 pac 359 org 61 dst 11
1570 pac 360 org 80 dst 23
1576 pac 361 org 86 dst 52
1576 pac 362 org 22 dst 35
1583 pac 363 org 57 dst 60
1592 pac 364 org 31 dst 38
1592 pac 365 org 53 dst 9
1601 pac 366 org 1 dst 16
1604 pac 367 org 94 dst 15
1609 pac 368 org 17 dst 53
1614 pac 369 org 17 dst 35
1619 pac 370 org 37 dst 82
1624 pac 371 org 62 dst 71
1632 pac 372 org 36 dst 30
1636 pac 373 org 33 dst 56
1640 pac 374 org 53 dst 85
1648 pac 375 org 81 dst 33
1650 pac 376 org 57 dst 89
1654 pac 377 org 94 dst 87
1657 pac 378 org 52 dst 95
1660 pac 379 org 4 dst 43
1661 pac 380 org 75 dst 86
1668 pac 381 org 68 dst 47
1676 pac 382 org 86 dst 42
1679 pac 383 org 0 dst 67
1682 pac 384 org 52 dst 27
1686 pac 385 org 67 dst 2
1692 pac 386 org 79 dst 62
1696 pac 387 org 74 dst 52
1705 pac 388 org 58 dst 51
1709 pac 389 org 53 dst 11
1718 pac 390 org 30 dst 48
1721 pac 391 org 41 dst 93
1728 pac 392 org 58 dst 4
1736 pac 393 org 75 dst 16
1741 pac 394 org 86 dst 40
1749 pac 395 org 39 dst 88
1752 pac 396 org 41 dst 51
1753 pac 397 org 15 dst 14
1754 pac 398 org 21 dst 46
1755 pac 399 org 57 dst 55
1756 pac 400 org 80 dst 33
1758 pac 401 org 92 dst 91
1762 pac 402 org 19 dst 22
1768 pac 403 org 14 dst 38
1772 pac 404 org 76 dst 51
1780 pac 405 org 90 dst 73
1784 pac 406 org 55 dst 11
1792 pac 407 org 62 dst 32
1796 pac 408 org 69 dst 71
1799 pac 409 org 34 dst 78
1799 pac 410 org 71 dst 87
1804 pac 411 org 19 dst 57
1805 pac 412 org 26 dst 48
1814 pac 413 org 93 dst 65
1819 pac 414 org 72 dst 34
1827 pac 415 org 60 dst 81
1830 pac 416 org 49 dst 93
1834 pac 417 org 87 dst 48
1836 pac 418 org 86 dst 74
1844 pac 419 org 6 dst 23
1848 pac 420 org 37 dst 38
1854 pac 421 org 46 dst 20
1859 pac 422 org 23 dst 62
1862 pac 423 org 53 dst 38
1865 pac 424 org 16 dst 6
1870 pac 425 org 84 dst 59
1875 pac 426 org 57 dst 93
1880 pac 427 org 0 dst 67
1887 pac 428 org 15 dst 84
1894 pac 429 org 54 dst 77
1894 pac 430 org 43 dst 35
1901 pac 431 org 48 dst 8
1901 pac 432 org 16 dst 79
1907 pac 433 org 36 dst 81
1910 pac 434 org 47 dst 43
1910 pac 435 org 6 dst 7
1910 pac 436 org 10 dst 89
1919 pac 437 org 89 dst 32
1925 pac 438 org 70 dst 92
1932 pac 439 org 6 dst 27
1932 pac 440 org 92 dst 94
1940 pac 441 org 82 dst 60
1946 pac 442 org 87 dst 57
1948 pac 443 org 37 dst 82
1955 pac 444 org 71 dst 76
1962 pac 445 org 17 dst 45
1967 pac 446 org 59 dst 66
1971 pac 447 org 74 dst 87
1973 pac 448 org 77 dst 13
1977 pac 449 org 22 dst 93
1982 pac 450 org 12 dst 74
1982 pac 451 org 35 dst 52
1991 pac 452 org 83 dst 62
1999 pac 453 org 71 dst 25
2005 pac 454 org 59 dst 41
2011 pac 455 org 13 dst 60
2014 pac 456 org 95 dst 30
2022 pac 457 org 33 dst 31
2023 pac 458 org 45 dst 30
2031 pac 459 org 25 dst 23
2039 pac 460 org 18 dst 36
2042 pac 461 org 49 dst 22
2043 pac 462 org 34 dst 6
2051 pac 463 org 3 dst 79
2054 pac 464 org 31 dst 55
2057 pac 465 org 47 dst 81
2061 pac 466 org 3 dst 29
2069 pac 467 org 41 dst 59
2071 pac 468 org 52 dst 68
2080 pac 469 org 37 dst 0
2088 pac 470 org 75 dst 93
2088 pac 471 org 42 dst 78
2092 pac 472 org 63 dst 24
2099 pac 473 org 30 dst 9
2103 pac 474 org 23 dst 17
2104 pac 475 org 16 dst 20
2104 pac 476 org 64 dst 50
2113 pac 477 org 73 dst 35
2113 pac 478 org 41 dst 67
2121 pac 479 org 51 dst 5
2129 pac 480 org 72 dst 2
2137 pac 481 org 58 dst 48
2140 pac 482 org 42 dst 36
2149 pac 483 org 82 dst 31
2153 pac 484 org 22 dst 2
2156 pac 485 org 61 dst 45
2161 pac 486 org 65 dst 69
2167 pac 487 org 63 dst 29
2172 pac 488 org 43 dst 27
2174 pac 489 org 15 dst 13
2177 pac 490 org 84 dst 85
2185 pac 491 org 70 dst 90
2186 pac 492 org 25 dst 45
2192 pac 493 org 28 dst 87
2201 pac 494 org 4 dst 45
2201 pac 495 org 42 dst 35
2203 pac 496 org 38 dst 14
2212 pac 497 org 48 dst 22
2212 pac 498 org 64 dst 57
2214 pac 499 org 42 dst 95
