5
20
100
1
89
0 0 0 0 0 0 0 0 0 0 0 0 0 0 0 0 0 0 0 0 0 0 0 0 0 0 0 0 0 0 0 0 0 0 0 0 0 0 0 0 0 0 0 0 0 0 0 0 0 0 1 1 0 0 0 0 0 0 0 0 0 0 0 0 0 0 0 1 0 0 0 0 0 0 0 0 0 0 0 0 0 0 0 0 0 0 0 0 0
0 0 0 0 0 0 0 0 0 0 0 0 0 0 0 0 0 0 0 0 0 0 0 0 0 0 0 0 0 0 0 0 0 0 0 0 0 0 0 0 0 0 0 0 0 0 0 0 0 0 0 0 0 0 0 0 0 0 0 0 0 0 0 0 0 0 0 0 0 0 0 0 0 0 0 0 0 0 0 0 0 0 0 0 0 1 0 0 0
0 0 0 0 0 0 0 0 0 0 0 0 0 0 0 0 0 0 0 0 1 0 0 0 0 0 0 0 0 0 0 0 0 0 0 0 0 0 0 0 0 0 0 0 0 0 0 0 0 0 0 0 0 0 0 0 0 0 0 0 0 0 0 0 0 0 0 0 0 0 0 0 0 0 0 0 0 0 0 0 0 0 0 0 0 0 0 0 0
0 0 0 0 0 0 0 0 0 0 0 0 0 0 0 0 0 0 0 0 0 0 0 0 0 0 0 0 0 0 0 0 0 0 0 0 0 0 0 0 1 0 0 0 0 0 0 0 0 0 0 0 0 0 0 0 0 0 0 0 0 0 0 0 0 0 0 0 0 0 0 0 0 0 0 0 0 0 0 0 0 0 0 0 0 0 0 0 0
0 0 0 0 0 0 0 0 0 0 0 0 0 0 0 0 0 0 0 0 0 0 0 0 0 0 0 0 0 0 0 0 0 0 0 0 0 0 0 0 0 0 0 0 0 0 0 0 0 1 0 0 0 0 0 0 0 0 0 0 0 0 0 0 0 0 0 0 0 0 0 0 0 0 0 0 0 0 0 0 0 0 0 0 0 0 0 0 0
0 0 0 0 0 0 0 0 0 0 0 1 0 0 0 0 0 0 0 0 0 0 0 0 1 0 0 0 0 0 0 0 0 0 0 0 0 0 0 0 0 0 0 0 0 0 0 0 0 0 0 0 0 0 0 0 0 0 0 0 0 0 0 0 0 0 0 0 0 0 0 0 0 0 0 1 0 0 0 0 0 0 0 0 0 0 0 0 0
0 0 0 0 0 0 0 0 0 0 0 0 0 0 0 0 0 0 0 0 0 0 0 0 0 0 0 0 1 0 0 0 0 0 0 0 0 0 0 0 0 0 0 0 0 0 0 0 0 0 0 0 0 0 0 0 0 0 0 0 0 0 0 0 0 0 0 0 0 0 0 0 0 0 0 0 0 0 0 0 0 0 0 0 0 0 0 0 0
0 0 0 0 0 0 0 0 0 0 0 0 0 0 0 0 0 0 1 0 0 0 0 0 0 0 0 0 0 0 0 0 0 0 0 0 0 0 0 0 0 0 0 0 0 0 0 0 0 0 1 0 0 0 0 0 0 0 1 0 0 0 0 0 0 0 0 0 0 0 0 0 0 0 0 0 0 0 0 0 0 0 0 0 0 0 0 0 0
0 0 0 0 0 0 0 0 0 0 0 0 0 0 0 0 0 0 0 0 0 0 0 0 0 0 0 0 0 0 0 0 0 0 0 0 0 0 0 0 0 0 1 0 0 0 0 0 0 0 0 0 0 0 0 0 0 0 0 0 0 0 0 0 0 0 0 0 0 0 0 0 0 0 0 0 0 0 0 0 0 0 0 0 0 0 0 0 0
0 0 0 0 0 0 0 0 0 0 0 0 0 0 0 0 0 0 0 0 0 0 0 0 0 0 0 0 0 0 0 0 0 0 0 0 0 0 0 0 0 0 0 0 0 0 0 0 0 0 0 0 0 0 0 0 0 0 0 0 0 0 0 0 0 0 0 0 0 0 0 0 0 0 0 0 0 0 1 0 0 0 0 0 0 0 0 0 1
0 0 0 0 0 0 0 0 0 0 0 0 0 0 0 1 0 0 0 0 0 0 0 0 0 0 0 0 0 0 0 0 0 0 0 0 0 0 0 0 0 0 0 0 0 0 0 0 0 0 0 0 0 0 0 0 0 0 0 0 0 0 0 0 0 0 1 0 0 0 0 0 0 0 0 0 0 0 0 0 0 0 0 0 0 0 0 0 0
0 0 0 0 0 1 0 0 0 0 0 0 0 0 0 0 0 0 0 0 0 0 0 0 0 0 0 0 0 0 0 0 0 0 0 0 0 0 0 0 0 0 0 0 0 0 0 0 0 0 0 0 0 0 0 0 0 0 0 0 0 0 0 0 0 0 0 0 0 0 0 0 0 0 0 0 0 0 0 0 0 0 0 0 0 0 0 0 0
0 0 0 0 0 0 0 0 0 0 0 0 0 0 0 0 0 0 0 0 0 0 1 0 0 0 0 0 0 0 0 0 0 0 0 0 0 0 0 0 0 0 0 0 0 0 0 0 0 0 0 0 0 0 0 0 0 0 0 0 0 0 0 0 0 0 0 0 0 0 0 1 0 0 0 0 0 0 0 0 0 0 0 0 0 0 0 0 0
0 0 0 0 0 0 0 0 0 0 0 0 0 0 0 0 0 0 0 0 0 0 0 0 0 0 0 0 0 0 0 0 0 0 0 0 0 0 0 0 0 0 0 0 0 0 0 0 0 0 0 0 0 0 0 0 0 0 0 0 1 0 0 0 0 0 0 0 0 0 0 0 0 0 0 0 0 0 0 0 0 0 0 0 1 0 0 0 0
0 0 0 0 0 0 0 0 0 0 0 0 0 0 0 0 0 0 0 0 0 0 0 0 1 0 0 0 0 0 0 0 0 0 0 0 0 0 0 0 0 0 0 0 0 0 0 0 0 0 0 0 0 0 0 0 0 0 0 0 0 0 0 0 0 0 0 0 0 0 0 0 0 0 0 0 0 0 0 0 0 0 0 0 0 0 0 0 0
0 0 0 0 0 0 0 0 0 0 1 0 0 0 0 0 0 0 0 0 0 0 0 0 0 0 0 0 0 0 0 0 0 0 0 0 0 0 0 0 0 0 0 0 0 0 0 0 0 0 0 0 0 0 0 0 0 0 0 0 0 0 0 0 0 0 0 0 0 0 0 0 0 0 0 0 0 0 0 0 0 0 0 0 0 0 1 0 0
0 0 0 0 0 0 0 0 0 0 0 0 0 0 0 0 0 0 0 0 0 0 0 0 0 0 0 0 0 0 0 0 0 0 0 0 0 0 0 0 0 0 0 0 0 0 0 0 0 0 0 0 0 0 0 0 0 0 0 0 0 0 0 0 0 0 0 0 0 0 0 0 0 0 0 0 0 0 0 0 0 0 0 0 0 0 0 0 1
0 0 0 0 0 0 0 0 0 0 0 0 0 0 0 0 0 0 0 0 0 0 0 0 0 0 0 0 0 0 0 0 0 0 0 0 0 0 0 0 0 0 0 0 0 0 0 0 0 0 0 0 1 0 0 0 0 0 0 0 0 0 0 0 0 0 0 0 0 0 0 0 0 0 0 0 0 0 0 0 0 0 0 0 0 0 0 0 0
0 0 0 0 0 0 0 1 0 0 0 0 0 0 0 0 0 0 0 0 0 0 0 0 0 0 0 0 0 0 0 0 0 0 0 0 0 0 0 0 0 0 0 0 0 0 0 0 0 0 0 0 0 0 0 1 0 0 0 0 0 0 0 0 0 0 0 0 0 0 0 0 0 0 0 0 0 0 0 0 0 0 0 0 0 0 0 0 0
0 0 0 0 0 0 0 0 0 0 0 0 0 0 0 0 0 0 0 0 0 0 0 0 0 0 0 0 0 0 0 0 0 0 0 0 0 0 0 0 0 0 0 0 0 0 1 0 0 0 0 0 1 0 0 0 0 0 0 0 0 0 0 0 0 0 0 0 0 0 0 0 0 0 0 0 0 0 0 0 0 0 0 0 0 0 0 0 0
0 0 1 0 0 0 0 0 0 0 0 0 0 0 0 0 0 0 0 0 0 0 0 0 0 0 0 0 0 0 0 0 0 0 0 0 0 0 0 0 0 0 0 0 0 0 0 0 0 0 0 0 0 0 0 0 0 0 0 0 0 1 0 0 0 0 0 0 0 0 0 1 0 0 0 0 0 0 0 0 0 0 0 0 0 0 0 0 0
0 0 0 0 0 0 0 0 0 0 0 0 0 0 0 0 0 0 0 0 0 0 0 0 0 0 0 0 0 0 0 0 0 0 0 0 1 0 0 0 0 0 0 1 1 0 0 0 0 0 0 0 0 0 0 0 0 0 0 0 0 0 0 0 0 0 0 0 0 0 0 0 0 0 0 0 0 0 0 0 0 0 0 0 0 0 0 0 0
0 0 0 0 0 0 0 0 0 0 0 0 1 0 0 0 0 0 0 0 0 0 0 0 0 0 0 0 0 1 0 0 0 0 0 0 0 0 0 0 0 0 0 0 0 0 0 0 0 0 0 0 0 0 0 0 0 0 0 0 0 0 0 0 0 0 0 0 0 0 0 0 0 0 0 0 0 0 0 0 0 0 0 0 0 0 0 0 0
0 0 0 0 0 0 0 0 0 0 0 0 0 0 0 0 0 0 0 0 0 0 0 0 0 0 0 0 0 0 0 0 0 0 0 0 0 1 0 0 0 0 0 0 0 0 0 0 0 0 0 0 0 0 0 0 0 0 0 0 0 0 0 0 0 0 0 0 0 0 0 0 0 0 0 0 0 0 0 0 0 0 0 1 1 0 0 0 0
0 0 0 0 0 1 0 0 0 0 0 0 0 0 1 0 0 0 0 0 0 0 0 0 0 0 0 0 0 0 0 0 0 0 0 0 0 0 0 0 0 0 1 0 0 0 0 0 0 0 0 0 0 0 0 0 0 0 0 0 0 0 1 0 0 0 0 0 0 0 0 0 0 0 0 0 0 0 0 0 0 0 0 0 0 0 0 0 0
0 0 0 0 0 0 0 0 0 0 0 0 0 0 0 0 0 0 0 0 0 0 0 0 0 0 0 0 0 0 0 0 0 0 0 0 0 0 0 0 0 0 0 0 0 0 0 0 0 0 0 0 0 1 0 0 0 0 0 0 0 0 1 0 1 0 0 0 0 0 0 0 0 0 0 0 0 0 0 0 0 0 0 0 0 0 0 0 0
0 0 0 0 0 0 0 0 0 0 0 0 0 0 0 0 0 0 0 0 0 0 0 0 0 0 0 0 0 0 0 0 0 0 0 0 0 0 0 1 0 0 0 0 0 0 0 0 0 0 0 0 0 0 0 0 0 1 0 0 0 0 0 0 0 0 0 0 0 0 0 0 0 0 0 0 0 0 0 0 0 0 0 0 0 0 0 0 0
0 0 0 0 0 0 0 0 0 0 0 0 0 0 0 0 0 0 0 0 0 0 0 0 0 0 0 0 0 0 0 0 0 0 0 0 0 0 1 0 0 0 0 0 0 0 0 0 0 0 0 0 0 0 0 0 0 0 0 0 0 0 0 0 0 0 0 0 0 0 0 0 0 1 0 0 0 0 0 0 0 0 0 0 0 0 0 0 0
0 0 0 0 0 0 1 0 0 0 0 0 0 0 0 0 0 0 0 0 0 0 0 0 0 0 0 0 0 0 0 0 0 0 0 0 0 0 0 0 0 0 0 0 0 0 0 0 0 0 0 0 0 0 0 0 0 0 0 0 0 0 0 0 0 0 0 0 0 0 0 0 0 0 0 0 0 0 0 0 0 0 0 0 0 0 0 1 0
0 0 0 0 0 0 0 0 0 0 0 0 0 0 0 0 0 0 0 0 0 0 1 0 0 0 0 0 0 0 0 0 0 0 0 0 0 0 0 0 0 0 0 0 0 0 0 0 0 0 0 0 0 0 0 0 0 0 0 0 0 0 0 0 0 0 0 0 0 0 0 0 0 0 1 0 0 0 0 0 0 1 0 0 0 0 0 0 0
0 0 0 0 0 0 0 0 0 0 0 0 0 0 0 0 0 0 0 0 0 0 0 0 0 0 0 0 0 0 0 0 0 0 0 0 0 0 0 0 0 0 0 0 0 0 0 0 0 0 0 0 1 0 0 0 0 0 0 0 0 0 0 0 0 0 0 0 0 0 0 0 0 0 0 0 0 0 0 0 0 0 0 1 0 0 0 0 0
0 0 0 0 0 0 0 0 0 0 0 0 0 0 0 0 0 0 0 0 0 0 0 0 0 0 0 0 0 0 0 0 0 0 0 0 0 0 0 0 0 0 0 0 0 0 0 0 0 0 0 1 0 0 0 0 0 0 0 0 0 0 0 0 0 0 0 0 0 1 0 1 0 0 0 0 0 0 0 0 0 0 0 0 0 0 0 0 1
0 0 0 0 0 0 0 0 0 0 0 0 0 0 0 0 0 0 0 0 0 0 0 0 0 0 0 0 0 0 0 0 0 0 0 0 0 0 0 0 0 0 0 0 0 0 0 0 0 0 0 0 0 0 0 0 0 0 0 0 0 0 0 0 0 0 1 0 0 0 0 0 0 0 0 0 0 0 0 0 1 0 0 0 0 0 0 0 0
0 0 0 0 0 0 0 0 0 0 0 0 0 0 0 0 0 0 0 0 0 0 0 0 0 0 0 0 0 0 0 0 0 0 0 0 0 0 0 0 0 0 0 0 0 0 0 0 0 0 1 0 0 0 1 0 0 0 0 0 0 0 0 0 0 0 0 0 0 0 0 0 0 0 0 0 0 0 0 0 0 0 0 0 0 0 0 0 0
0 0 0 0 0 0 0 0 0 0 0 0 0 0 0 0 0 0 0 0 0 0 0 0 0 0 0 0 0 0 0 0 0 0 0 0 0 0 0 0 0 0 0 0 0 0 0 0 0 0 0 0 0 0 0 0 0 0 0 0 0 0 0 0 0 0 0 0 0 0 1 0 0 0 0 0 0 0 0 0 1 0 0 0 0 0 0 1 0
0 0 0 0 0 0 0 0 0 0 0 0 0 0 0 0 0 0 0 0 0 0 0 0 0 0 0 0 0 0 0 0 0 0 0 0 0 0 0 0 0 0 0 0 0 0 0 0 0 0 0 0 0 0 0 0 0 0 0 0 0 1 0 0 0 0 0 0 0 0 0 0 0 0 0 0 0 0 0 0 0 0 0 0 0 0 0 0 0
0 0 0 0 0 0 0 0 0 0 0 0 0 0 0 0 0 0 0 0 0 1 0 0 0 0 0 0 0 0 0 0 0 0 0 0 0 0 0 0 0 0 0 0 0 0 0 0 0 0 0 0 0 0 0 0 0 0 0 0 0 0 0 0 0 0 0 0 0 0 0 0 0 0 0 0 0 0 0 0 0 0 0 0 0 0 0 0 0
0 0 0 0 0 0 0 0 0 0 0 0 0 0 0 0 0 0 0 0 0 0 0 1 0 0 0 0 0 0 0 0 0 0 0 0 0 0 0 0 0 0 0 0 1 0 0 0 0 0 0 0 0 0 0 0 0 0 0 0 0 0 0 0 0 0 0 0 0 0 0 0 0 0 0 0 0 0 0 0 0 0 0 0 0 0 0 0 0
0 0 0 0 0 0 0 0 0 0 0 0 0 0 0 0 0 0 0 0 0 0 0 0 0 0 0 1 0 0 0 0 0 0 0 0 0 0 0 0 0 0 0 0 0 0 0 0 0 0 0 0 0 0 0 0 0 0 0 0 0 0 0 0 0 0 0 0 0 0 0 0 0 0 0 0 0 0 1 0 0 0 0 0 0 0 0 0 0
0 0 0 0 0 0 0 0 0 0 0 0 0 0 0 0 0 0 0 0 0 0 0 0 0 0 1 0 0 0 0 0 0 0 0 0 0 0 0 0 0 0 0 0 0 0 0 0 0 0 0 0 0 0 0 0 0 0 0 0 0 0 0 0 0 0 0 0 0 0 0 0 0 0 0 0 0 0 0 0 0 0 0 0 0 0 0 0 0
0 0 0 1 0 0 0 0 0 0 0 0 0 0 0 0 0 0 0 0 0 0 0 0 0 0 0 0 0 0 0 0 0 0 0 0 0 0 0 0 0 0 0 0 0 0 0 0 0 0 0 0 0 0 0 0 0 0 0 0 0 0 0 0 1 0 0 0 0 0 0 0 0 0 0 0 0 0 0 0 0 0 0 0 0 0 0 0 0
0 0 0 0 0 0 0 0 0 0 0 0 0 0 0 0 0 0 0 0 0 0 0 0 0 0 0 0 0 0 0 0 0 0 0 0 0 0 0 0 0 0 0 0 0 0 0 0 0 1 0 0 0 0 0 0 0 0 0 0 0 0 0 0 0 0 0 0 0 0 0 0 0 0 0 0 0 0 0 0 0 0 0 0 0 0 0 0 0
0 0 0 0 0 0 0 0 1 0 0 0 0 0 0 0 0 0 0 0 0 0 0 0 1 0 0 0 0 0 0 0 0 0 0 0 0 0 0 0 0 0 0 0 0 0 0 0 0 0 0 0 0 0 0 0 0 0 0 0 0 0 0 0 0 0 0 0 0 0 0 0 0 0 0 0 0 0 0 0 0 0 0 0 0 0 0 0 0
0 0 0 0 0 0 0 0 0 0 0 0 0 0 0 0 0 0 0 0 0 1 0 0 0 0 0 0 0 0 0 0 0 0 0 0 0 0 0 0 0 0 0 0 0 0 0 0 0 0 0 0 0 0 0 0 0 0 0 0 0 0 0 0 0 0 0 0 0 0 0 0 0 0 0 0 0 0 0 0 0 0 0 0 0 0 0 0 0
0 0 0 0 0 0 0 0 0 0 0 0 0 0 0 0 0 0 0 0 0 1 0 0 0 0 0 0 0 0 0 0 0 0 0 0 0 1 0 0 0 0 0 0 0 0 0 0 0 0 0 0 0 0 0 0 0 0 0 0 0 0 0 0 0 0 0 0 0 0 0 0 0 0 0 0 0 0 0 0 0 0 0 0 0 0 0 0 0
0 0 0 0 0 0 0 0 0 0 0 0 0 0 0 0 0 0 0 0 0 0 0 0 0 0 0 0 0 0 0 0 0 0 0 0 0 0 0 0 0 0 0 0 0 0 0 0 0 1 1 0 0 0 0 0 0 0 0 0 0 0 0 0 0 0 0 0 0 0 0 0 0 0 0 0 0 0 0 0 0 0 0 0 0 0 0 0 0
0 0 0 0 0 0 0 0 0 0 0 0 0 0 0 0 0 0 0 1 0 0 0 0 0 0 0 0 0 0 0 0 0 0 0 0 0 0 0 0 0 0 0 0 0 0 0 0 0 0 0 0 0 0 0 0 0 0 0 0 0 0 0 0 0 0 0 0 0 0 0 0 0 0 0 0 0 0 0 0 0 0 0 0 0 0 0 0 0
0 0 0 0 0 0 0 0 0 0 0 0 0 0 0 0 0 0 0 0 0 0 0 0 0 0 0 0 0 0 0 0 0 0 0 0 0 0 0 0 0 0 0 0 0 0 0 0 0 0 0 1 0 0 0 0 0 0 0 0 0 0 0 0 0 0 0 0 0 0 0 0 0 0 0 0 0 0 0 0 0 0 0 0 0 0 0 0 0
0 0 0 0 0 0 0 0 0 0 0 0 0 0 0 0 0 0 0 0 0 0 0 0 0 0 0 0 0 0 0 0 0 0 0 0 0 0 0 0 0 0 0 0 0 0 0 0 0 0 0 0 0 0 0 0 0 1 0 0 0 0 0 0 0 0 0 0 0 0 0 0 0 0 0 0 0 0 0 0 0 0 0 0 0 0 0 0 0
0 0 0 0 1 0 0 0 0 0 0 0 0 0 0 0 0 0 0 0 0 0 0 0 0 0 0 0 0 0 0 0 0 0 0 0 0 0 0 0 0 1 0 0 0 1 0 0 0 0 0 0 0 0 0 0 0 0 0 0 0 0 0 0 0 0 0 0 0 0 0 0 0 0 0 0 0 0 0 0 0 0 1 0 0 0 0 0 0
1 0 0 0 0 0 0 1 0 0 0 0 0 0 0 0 0 0 0 0 0 0 0 0 0 0 0 0 0 0 0 0 0 1 0 0 0 0 0 0 0 0 0 0 0 1 0 0 0 0 0 0 0 0 0 0 0 0 0 0 0 0 0 0 0 0 0 0 0 0 0 0 0 0 0 0 0 0 0 0 0 0 0 0 0 0 0 1 0
1 0 0 0 0 0 0 0 0 0 0 0 0 0 0 0 0 0 0 0 0 0 0 0 0 0 0 0 0 0 0 1 0 0 0 0 0 0 0 0 0 0 0 0 0 0 0 1 0 0 0 0 0 0 0 0 0 0 0 0 0 0 0 0 0 0 0 0 0 0 0 0 0 0 0 0 0 0 0 0 0 0 0 0 0 0 0 0 0
0 0 0 0 0 0 0 0 0 0 0 0 0 0 0 0 0 1 0 1 0 0 0 0 0 0 0 0 0 0 1 0 0 0 0 0 0 0 0 0 0 0 0 0 0 0 0 0 0 0 0 0 0 0 0 0 0 0 0 0 0 0 0 0 0 0 0 0 0 0 0 0 0 0 0 0 0 0 0 1 0 0 0 0 0 0 0 0 0
0 0 0 0 0 0 0 0 0 0 0 0 0 0 0 0 0 0 0 0 0 0 0 0 0 1 0 0 0 0 0 0 0 0 0 0 0 0 0 0 0 0 0 0 0 0 0 0 0 0 0 0 0 0 0 0 0 0 0 0 0 0 0 0 0 1 0 0 0 0 0 0 0 0 0 0 0 0 0 0 0 0 0 0 0 0 0 0 0
0 0 0 0 0 0 0 0 0 0 0 0 0 0 0 0 0 0 0 0 0 0 0 0 0 0 0 0 0 0 0 0 0 1 0 0 0 0 0 0 0 0 0 0 0 0 0 0 0 0 0 0 0 0 0 0 0 0 0 0 0 0 0 0 0 0 0 0 0 0 0 0 0 0 0 0 0 0 0 0 0 0 0 0 0 0 0 0 0
0 0 0 0 0 0 0 0 0 0 0 0 0 0 0 0 0 0 1 0 0 0 0 0 0 0 0 0 0 0 0 0 0 0 0 0 0 0 0 0 0 0 0 0 0 0 0 0 0 0 0 0 0 0 0 0 0 0 0 0 0 0 0 0 0 0 0 0 0 0 0 0 0 0 0 0 0 0 0 0 0 0 0 0 0 0 0 0 0
0 0 0 0 0 0 0 0 0 0 0 0 0 0 0 0 0 0 0 0 0 0 0 0 0 0 0 0 0 0 0 0 0 0 0 0 0 0 0 0 0 0 0 0 0 0 0 0 0 0 0 0 0 0 0 0 0 0 0 0 0 0 0 0 0 0 0 0 0 0 0 0 0 0 0 0 1 0 0 0 0 0 0 0 0 0 0 0 0
0 0 0 0 0 0 0 0 0 0 0 0 0 0 0 0 0 0 0 0 0 0 0 0 0 0 1 0 0 0 0 0 0 0 0 0 0 0 0 0 0 0 0 0 0 0 0 0 1 0 0 0 0 0 0 0 0 0 0 0 0 0 0 0 0 0 0 0 0 0 0 0 1 0 0 0 0 0 0 0 0 0 0 0 1 1 0 0 0
0 0 0 0 0 0 0 1 0 0 0 0 0 0 0 0 0 0 0 0 0 0 0 0 0 0 0 0 0 0 0 0 0 0 0 0 0 0 0 0 0 0 0 0 0 0 0 0 0 0 0 0 0 0 0 0 0 0 0 0 0 0 1 0 0 0 0 0 0 0 0 0 0 0 0 0 0 0 0 0 0 0 0 1 0 0 0 0 0
0 0 0 0 0 0 0 0 0 0 0 0 0 0 0 0 0 0 0 0 0 0 0 0 0 0 0 0 0 0 0 0 0 0 0 0 0 0 0 0 0 0 0 0 0 0 0 0 0 0 0 0 0 0 0 0 0 0 0 0 0 0 0 0 0 0 0 1 0 0 0 0 0 0 0 0 0 0 0 0 0 0 0 0 0 0 0 0 0
0 0 0 0 0 0 0 0 0 0 0 0 0 1 0 0 0 0 0 0 0 0 0 0 0 0 0 0 0 0 0 0 0 0 0 0 0 0 0 0 0 0 0 0 0 0 0 0 0 0 0 0 0 0 0 0 0 0 0 0 0 0 0 0 0 0 0 0 0 0 0 0 0 0 0 0 0 0 0 0 0 0 0 0 0 0 0 0 0
0 0 0 0 0 0 0 0 0 0 0 0 0 0 0 0 0 0 0 0 1 0 0 0 0 0 0 0 0 0 0 0 0 0 0 1 0 0 0 0 0 0 0 0 0 0 0 0 0 0 0 0 0 0 0 0 0 0 0 0 0 0 0 0 0 0 0 0 0 0 0 0 0 0 0 0 0 0 0 0 0 0 0 0 0 0 0 0 0
0 0 0 0 0 0 0 0 0 0 0 0 0 0 0 0 0 0 0 0 0 0 0 0 1 1 0 0 0 0 0 0 0 0 0 0 0 0 0 0 0 0 0 0 0 0 0 0 0 0 0 0 0 0 0 0 0 0 1 0 0 0 0 0 0 0 0 0 0 0 0 0 0 0 0 0 0 1 0 0 0 0 0 0 0 0 0 0 0
0 0 0 0 0 0 0 0 0 0 0 0 0 0 0 0 0 0 0 0 0 0 0 0 0 0 0 0 0 0 0 0 0 0 0 0 0 0 0 0 0 0 0 0 0 0 0 0 0 0 0 0 0 0 0 0 0 0 0 0 0 0 0 0 0 0 0 0 0 0 0 0 0 0 0 0 0 0 0 0 1 0 0 0 0 0 0 0 0
0 0 0 0 0 0 0 0 0 0 0 0 0 0 0 0 0 0 0 0 0 0 0 0 0 1 0 0 0 0 0 0 0 0 0 0 0 0 0 0 1 0 0 0 0 0 0 0 0 0 0 0 0 0 0 0 0 0 0 0 0 0 0 0 0 0 0 0 0 0 0 0 0 0 0 0 0 0 0 0 0 0 0 0 0 0 0 0 0
0 0 0 0 0 0 0 0 0 0 0 0 0 0 0 0 0 0 0 0 0 0 0 0 0 0 0 0 0 0 0 0 0 0 0 0 0 0 0 0 0 0 0 0 0 0 0 0 0 0 0 0 0 1 0 0 0 0 0 0 0 0 0 0 0 0 0 0 0 0 0 0 0 0 0 0 0 0 0 0 0 0 0 0 0 0 0 0 0
0 0 0 0 0 0 0 0 0 0 1 0 0 0 0 0 0 0 0 0 0 0 0 0 0 0 0 0 0 0 0 0 1 0 0 0 0 0 0 0 0 0 0 0 0 0 0 0 0 0 0 0 0 0 0 0 0 0 0 0 0 0 0 0 0 0 0 0 0 0 0 0 0 0 0 0 0 0 0 0 0 0 0 0 0 0 0 0 0
1 0 0 0 0 0 0 0 0 0 0 0 0 0 0 0 0 0 0 0 0 0 0 0 0 0 0 0 0 0 0 0 0 0 0 0 0 0 0 0 0 0 0 0 0 0 0 0 0 0 0 0 0 0 0 0 0 0 0 1 0 0 0 0 0 0 0 0 0 0 0 0 0 0 0 0 0 0 0 0 0 0 0 0 0 0 0 0 0
0 0 0 0 0 0 0 0 0 0 0 0 0 0 0 0 0 0 0 0 0 0 0 0 0 0 0 0 0 0 0 0 0 0 0 0 0 0 0 0 0 0 0 0 0 0 0 0 0 0 0 0 0 0 0 0 0 0 0 0 0 0 0 0 0 0 0 0 0 0 0 0 1 0 0 0 0 0 0 0 0 0 0 0 0 0 0 0 0
0 0 0 0 0 0 0 0 0 0 0 0 0 0 0 0 0 0 0 0 0 0 0 0 0 0 0 0 0 0 0 1 0 0 0 0 0 0 0 0 0 0 0 0 0 0 0 0 0 0 0 0 0 0 0 0 0 0 0 0 0 0 0 0 0 0 0 0 0 0 0 0 0 0 0 0 0 0 0 0 0 0 0 0 0 0 0 0 0
0 0 0 0 0 0 0 0 0 0 0 0 0 0 0 0 0 0 0 0 0 0 0 0 0 0 0 0 0 0 0 0 0 0 1 0 0 0 0 0 0 0 0 0 0 0 0 0 0 0 0 0 0 0 0 0 0 0 0 0 0 0 0 0 0 0 0 0 0 0 0 0 0 0 0 0 0 0 0 0 0 0 0 0 0 0 0 0 0
0 0 0 0 0 0 0 0 0 0 0 0 1 0 0 0 0 0 0 0 1 0 0 0 0 0 0 0 0 0 0 1 0 0 0 0 0 0 0 0 0 0 0 0 0 0 0 0 0 0 0 0 0 0 0 0 0 0 0 0 0 0 0 0 0 0 0 0 0 0 0 0 0 0 0 0 0 0 0 0 0 0 0 0 0 0 0 0 0
0 0 0 0 0 0 0 0 0 0 0 0 0 0 0 0 0 0 0 0 0 0 0 0 0 0 0 0 0 0 0 0 0 0 0 0 0 0 0 0 0 0 0 0 0 0 0 0 0 0 0 0 0 0 0 0 0 1 0 0 0 0 0 0 0 0 0 0 1 0 0 0 0 0 0 0 0 0 0 0 0 0 0 0 0 0 0 0 0
0 0 0 0 0 0 0 0 0 0 0 0 0 0 0 0 0 0 0 0 0 0 0 0 0 0 0 1 0 0 0 0 0 0 0 0 0 0 0 0 0 0 0 0 0 0 0 0 0 0 0 0 0 0 0 0 0 0 0 0 0 0 0 0 0 0 0 0 0 0 0 0 0 0 0 0 0 0 0 0 0 0 0 0 0 0 0 0 0
0 0 0 0 0 0 0 0 0 0 0 0 0 0 0 0 0 0 0 0 0 0 0 0 0 0 0 0 0 1 0 0 0 0 0 0 0 0 0 0 0 0 0 0 0 0 0 0 0 0 0 0 0 0 0 0 0 0 0 0 0 0 0 0 0 0 0 0 0 0 0 0 0 0 0 0 0 0 0 0 0 0 0 0 0 0 0 0 0
0 0 0 0 0 1 0 0 0 0 0 0 0 0 0 0 0 0 0 0 0 0 0 0 0 0 0 0 0 0 0 0 0 0 0 0 0 0 0 0 0 0 0 0 0 0 0 0 0 0 0 0 0 0 0 0 0 0 0 0 0 0 0 0 0 0 0 0 0 0 0 0 0 0 0 0 0 0 0 0 0 0 0 0 0 0 0 0 0
0 0 0 0 0 0 0 0 0 0 0 0 0 0 0 0 0 0 0 0 0 0 0 0 0 0 0 0 0 0 0 0 0 0 0 0 0 0 0 0 0 0 0 0 0 0 0 0 0 0 0 0 0 0 0 0 1 0 0 0 0 0 0 0 0 0 0 0 0 0 0 0 0 0 0 0 0 0 0 0 0 0 0 0 0 0 0 1 0
0 0 0 0 0 0 0 0 0 0 0 0 0 0 0 0 0 0 0 0 0 0 0 0 0 0 0 0 0 0 0 0 0 0 0 0 0 0 0 0 0 0 0 0 0 0 0 0 0 0 0 0 0 0 0 0 0 0 0 0 0 0 1 0 0 0 0 0 0 0 0 0 0 0 0 0 0 0 0 0 0 0 0 0 0 0 0 0 0
0 0 0 0 0 0 0 0 0 1 0 0 0 0 0 0 0 0 0 0 0 0 0 0 0 0 0 0 0 0 0 0 0 0 0 0 0 0 1 0 0 0 0 0 0 0 0 0 0 0 0 0 0 0 0 0 0 0 0 0 0 0 0 0 0 0 0 0 0 0 0 0 0 0 0 0 0 0 0 0 0 0 0 0 0 0 0 0 0
0 0 0 0 0 0 0 0 0 0 0 0 0 0 0 0 0 0 0 0 0 0 0 0 0 0 0 0 0 0 0 0 0 0 0 0 0 0 0 0 0 0 0 0 0 0 0 0 0 0 0 0 1 0 0 0 0 0 0 0 0 0 0 0 0 0 0 0 0 0 0 0 0 0 0 0 0 0 0 0 0 0 0 0 0 0 0 0 0
0 0 0 0 0 0 0 0 0 0 0 0 0 0 0 0 0 0 0 0 0 0 0 0 0 0 0 0 0 0 0 0 1 0 1 0 0 0 0 0 0 0 0 0 0 0 0 0 0 0 0 0 0 0 0 0 0 0 0 0 0 0 0 1 0 0 0 0 0 0 0 0 0 0 0 0 0 0 0 0 0 0 0 0 0 0 0 0 0
0 0 0 0 0 0 0 0 0 0 0 0 0 0 0 0 0 0 0 0 0 0 0 0 0 0 0 0 0 1 0 0 0 0 0 0 0 0 0 0 0 0 0 0 0 0 0 0 0 0 0 0 0 0 0 0 0 0 0 0 0 0 0 0 0 0 0 0 0 0 0 0 0 0 0 0 0 0 0 0 0 0 0 0 0 0 0 0 0
0 0 0 0 0 0 0 0 0 0 0 0 0 0 0 0 0 0 0 0 0 0 0 0 0 0 0 0 0 0 0 0 0 0 0 0 0 0 0 0 0 0 0 0 0 0 0 0 0 1 0 0 0 0 0 0 0 0 0 0 0 0 0 0 0 0 0 0 0 0 0 0 0 0 0 0 0 0 0 0 0 0 0 0 0 0 0 0 0
0 0 0 0 0 0 0 0 0 0 0 0 0 0 0 0 0 0 0 0 0 0 0 1 0 0 0 0 0 0 1 0 0 0 0 0 0 0 0 0 0 0 0 0 0 0 0 0 0 0 0 0 0 0 0 0 0 0 1 0 0 0 0 0 0 0 0 0 0 0 0 0 0 0 0 0 0 0 0 0 0 0 0 0 0 0 0 0 0
0 0 0 0 0 0 0 0 0 0 0 0 0 1 0 0 0 0 0 0 0 0 0 1 0 0 0 0 0 0 0 0 0 0 0 0 0 0 0 0 0 0 0 0 0 0 0 0 0 0 0 0 0 0 0 0 0 1 0 0 0 0 0 0 0 0 0 0 0 0 0 0 0 0 0 0 0 0 0 0 0 0 0 0 0 0 0 0 0
0 1 0 0 0 0 0 0 0 0 0 0 0 0 0 0 0 0 0 0 0 0 0 0 0 0 0 0 0 0 0 0 0 0 0 0 0 0 0 0 0 0 0 0 0 0 0 0 0 0 0 0 0 0 0 0 0 1 0 0 0 0 0 0 0 0 0 0 0 0 0 0 0 0 0 0 0 0 0 0 0 0 0 0 0 0 0 0 0
0 0 0 0 0 0 0 0 0 0 0 0 0 0 0 1 0 0 0 0 0 0 0 0 0 0 0 0 0 0 0 0 0 0 0 0 0 0 0 0 0 0 0 0 0 0 0 0 0 0 0 0 0 0 0 0 0 0 0 0 0 0 0 0 0 0 0 0 0 0 0 0 0 0 0 0 0 0 0 0 0 0 0 0 0 0 0 0 0
0 0 0 0 0 0 0 0 0 0 0 0 0 0 0 0 0 0 0 0 0 0 0 0 0 0 0 0 1 0 0 0 0 0 1 0 0 0 0 0 0 0 0 0 0 0 0 0 0 0 1 0 0 0 0 0 0 0 0 0 0 0 0 0 0 0 0 0 0 0 0 0 0 0 0 0 1 0 0 0 0 0 0 0 0 0 0 0 0
0 0 0 0 0 0 0 0 0 1 0 0 0 0 0 0 1 0 0 0 0 0 0 0 0 0 0 0 0 0 0 1 0 0 0 0 0 0 0 0 0 0 0 0 0 0 0 0 0 0 0 0 0 0 0 0 0 0 0 0 0 0 0 0 0 0 0 0 0 0 0 0 0 0 0 0 0 0 0 0 0 0 0 0 0 0 0 0 0
500
6 pac 0 org 69 dst 66
8 pac 1 org 46 dst 31
16 pac 2 org 71 dst 39
23 pac 3 org 20 dst 66
23 pac 4 org 24 dst 84
30 pac 5 org 64 dst 40
37 pac 6 org 40 dst 17
44 pac 7 org 4 dst 40
46 pac 8 org 3 dst 4
46 pac 9 org 35 dst 33
53 pac 10 org 45 dst 12
60 pac 11 org 37 dst 76
67 pac 12 org 42 dst 19
74 pac 13 org 42 dst 44
74 pac 14 org 63 dst 16
80 pac 15 org 43 dst 33
89 pac 16 org 77 dst 64
90 pac 17 org 15 dst 88
97 pac 18 org 46 dst 81
106 pac 19 org 0 dst 38
110 pac 20 org 20 dst 22
113 pac 21 org 41 dst 62
116 pac 22 org 2 dst 46
117 pac 23 org 20 dst 22
119 pac 24 org 31 dst 3
120 pac 25 org 69 dst 51
127 pac 26 org 69 dst 14
131 pac 27 org 66 dst 44
139 pac 28 org 73 dst 31
140 pac 29 org 35 dst 15
146 pac 30 org 14 dst 56
153 pac 31 org 25 dst 2
154 pac 32 org 18 dst 28
155 pac 33 org 56 dst 76
158 pac 34 org 8 dst 75
166 pac 35 org 6 dst 9
167 pac 36 org 76 dst 34
167 pac 37 org 85 dst 14
174 pac 38 org 0 dst 1
180 pac 39 org 62 dst 18
185 pac 40 org 17 dst 60
193 pac 41 org 53 dst 19
194 pac 42 org 46 dst 73
198 pac 43 org 66 dst 21
205 pac 44 org 62 dst 45
209 pac 45 org 47 dst 62
209 pac 46 org 4 dst 38
216 pac 47 org 65 dst 71
221 pac 48 org 79 dst 62
221 pac 49 org 48 dst 33
221 pac 50 org 43 dst 71
221 pac 51 org 19 dst 55
222 pac 52 org 7 dst 58
226 pac 53 org 5 dst 70
232 pac 54 org 82 dst 58
241 pac 55 org 8 dst 78
243 pac 56 org 74 dst 58
248 pac 57 org 86 dst 41
253 pac 58 org 10 dst 5
256 pac 59 org 55 dst 47
265 pac 60 org 0 dst 63
265 pac 61 org 36 dst 80
269 pac 62 org 34 dst 64
273 pac 63 org 27 dst 9
282 pac 64 org 49 dst 80
288 pac 65 org 52 dst 45
291 pac 66 org 36 dst 70
292 pac 67 org 44 dst 18
298 pac 68 org 38 dst 83
302 pac 69 org 88 dst 31
308 pac 70 org 46 dst 14
314 pac 71 org 73 dst 1
317 pac 72 org 16 dst 60
318 pac 73 org 1 dst 9
321 pac 74 org 24 dst 71
321 pac 75 org 16 dst 21
322 pac 76 org 43 dst 64
329 pac 77 org 8 dst 62
336 pac 78 org 80 dst 65
340 pac 79 org 72 dst 57
341 pac 80 org 7 dst 29
341 pac 81 org 3 dst 36
341 pac 82 org 84 dst 53
341 pac 83 org 83 dst 68
342 pac 84 org 77 dst 7
345 pac 85 org 39 dst 13
346 pac 86 org 5 dst 30
349 pac 87 org 49 dst 74
353 pac 88 org 75 dst 85
356 pac 89 org 56 dst 12
364 pac 90 org 18 dst 88
367 pac 91 org 22 dst 73
370 pac 92 org 50 dst 74
373 pac 93 org 86 dst 54
381 pac 94 org 44 dst 23
384 pac 95 org 41 dst 81
388 pac 96 org 14 dst 29
390 pac 97 org 37 dst 71
395 pac 98 org 16 dst 19
404 pac 99 org 48 dst 74
411 pac 100 org 40 dst 56
416 pac 101 org 65 dst 77
424 pac 102 org 70 dst 73
433 pac 103 org 59 dst 67
437 pac 104 org 9 dst 37
446 pac 105 org 59 dst 22
447 pac 106 org 87 dst 50
453 pac 107 org 66 dst 64
460 pac 108 org 52 dst 12
469 pac 109 org 34 dst 36
476 pac 110 org 47 dst 15
479 pac 111 org 40 dst 49
486 pac 112 org 33 dst 16
487 pac 113 org 42 dst 87
496 pac 114 org 21 dst 35
504 pac 115 org 37 dst 20
509 pac 116 org 14 dst 88
516 pac 117 org 24 dst 9
517 pac 118 org 70 dst 73
517 pac 119 org 47 dst 27
523 pac 120 org 70 dst 55
523 pac 121 org 47 dst 49
523 pac 122 org 10 dst 26
524 pac 123 org 77 dst 47
524 pac 124 org 72 dst 35
530 pac 125 org 69 dst 52
536 pac 126 org 65 dst 33
544 pac 127 org 84 dst 68
544 pac 128 org 42 dst 52
546 pac 129 org 3 dst 85
555 pac 130 org 69 dst 75
555 pac 131 org 66 dst 74
555 pac 132 org 27 dst 46
559 pac 133 org 39 dst 73
566 pac 134 org 88 dst 14
566 pac 135 org 82 dst 15
572 pac 136 org 73 dst 41
574 pac 137 org 28 dst 13
574 pac 138 org 73 dst 33
582 pac 139 org 30 dst 61
584 pac 140 org 7 dst 14
588 pac 141 org 15 dst 66
590 pac 142 org 66 dst 17
599 pac 143 org 56 dst 11
608 pac 144 org 65 dst 24
609 pac 145 org 69 dst 37
612 pac 146 org 32 dst 55
621 pac 147 org 26 dst 23
628 pac 148 org 48 dst 13
628 pac 149 org 73 dst 67
628 pac 150 org 81 dst 87
634 pac 151 org 56 dst 0
643 pac 152 org 80 dst 2
650 pac 153 org 0 dst 72
658 pac 154 org 49 dst 35
665 pac 155 org 81 dst 86
670 pac 156 org 25 dst 49
675 pac 157 org 87 dst 49
679 pac 158 org 86 dst 53
685 pac 159 org 35 dst 51
687 pac 160 org 26 dst 48
688 pac 161 org 80 dst 75
692 pac 162 org 11 dst 88
698 pac 163 org 46 dst 63
704 pac 164 org 7 dst 20
709 pac 165 org 79 dst 16
712 pac 166 org 21 dst 73
714 pac 167 org 58 dst 70
714 pac 168 org 57 dst 8
719 pac 169 org 23 dst 28
725 pac 170 org 87 dst 21
731 pac 171 org 11 dst 67
733 pac 172 org 85 dst 17
740 pac 173 org 21 dst 12
743 pac 174 org 16 dst 78
744 pac 175 org 51 dst 14
753 pac 176 org 67 dst 12
761 pac 177 org 70 dst 57
767 pac 178 org 49 dst 2
775 pac 179 org 62 dst 37
780 pac 180 org 23 dst 42
783 pac 181 org 4 dst 48
792 pac 182 org 43 dst 17
796 pac 183 org 48 dst 66
799 pac 184 org 18 dst 10
803 pac 185 org 57 dst 83
803 pac 186 org 59 dst 7
803 pac 187 org 26 dst 47
812 pac 188 org 42 dst 78
819 pac 189 org 19 dst 18
821 pac 190 org 2 dst 65
822 pac 191 org 78 dst 32
829 pac 192 org 79 dst 0
832 pac 193 org 47 dst 60
838 pac 194 org 62 dst 15
839 pac 195 org 43 dst 84
839 pac 196 org 34 dst 15
846 pac 197 org 3 dst 9
849 pac 198 org 42 dst 58
855 pac 199 org 81 dst 60
864 pac 200 org 29 dst 21
871 pac 201 org 73 dst 42
878 pac 202 org 42 dst 57
880 pac 203 org 22 dst 63
885 pac 204 org 83 dst 13
888 pac 205 org 78 dst 77
893 pac 206 org 6 dst 53
900 pac 207 org 83 dst 80
901 pac 208 org 76 dst 35
908 pac 209 org 20 dst 87
909 pac 210 org 21 dst 40
911 pac 211 org 37 dst 32
911 pac 212 org 8 dst 85
920 pac 213 org 80 dst 8
927 pac 214 org 39 dst 58
932 pac 215 org 47 dst 28
938 pac 216 org 30 dst 8
944 pac 217 org 41 dst 69
947 pac 218 org 64 dst 6
947 pac 219 org 67 dst 25
953 pac 220 org 47 dst 44
956 pac 221 org 2 dst 52
956 pac 222 org 79 dst 43
960 pac 223 org 3 dst 25
967 pac 224 org 44 dst 57
976 pac 225 org 2 dst 40
982 pac 226 org 12 dst 7
989 pac 227 org 27 dst 74
996 pac 228 org 25 dst 65
1001 pac 229 org 11 dst 14
1005 pac 230 org 37 dst 22
1008 pac 231 org 9 dst 87
1014 pac 232 org 10 dst 4
1015 pac 233 org 77 dst 76
1017 pac 234 org 20 dst 74
1020 pac 235 org 64 dst 50
1025 pac 236 org 81 dst 41
1028 pac 237 org 23 dst 17
1035 pac 238 org 21 dst 72
1038 pac 239 org 60 dst 87
1041 pac 240 org 64 dst 29
1045 pac 241 org 36 dst 38
1052 pac 242 org 54 dst 5
1056 pac 243 org 52 dst 15
1059 pac 244 org 27 dst 36
1066 pac 245 org 88 dst 31
1073 pac 246 org 27 dst 21
1076 pac 247 org 46 dst 4
1081 pac 248 org 43 dst 22
1086 pac 249 org 12 dst 8
1088 pac 250 org 35 dst 64
1097 pac 251 org 32 dst 28
1100 pac 252 org 6 dst 9
1103 pac 253 org 56 dst 88
1112 pac 254 org 53 dst 18
1117 pac 255 org 38 dst 34
1122 pac 256 org 8 dst 11
1131 pac 257 org 31 dst 24
1139 pac 258 org 31 dst 88
1143 pac 259 org 64 dst 76
1144 pac 260 org 27 dst 7
1146 pac 261 org 54 dst 47
1154 pac 262 org 50 dst 63
1162 pac 263 org 65 dst 33
1166 pac 264 org 88 dst 40
1175 pac 265 org 28 dst 81
1177 pac 266 org 16 dst 66
1182 pac 267 org 70 dst 14
1182 pac 268 org 68 dst 55
1189 pac 269 org 10 dst 76
1189 pac 270 org 57 dst 20
1191 pac 271 org 14 dst 69
1199 pac 272 org 81 dst 73
1200 pac 273 org 66 dst 12
1207 pac 274 org 87 dst 62
1214 pac 275 org 59 dst 50
1216 pac 276 org 64 dst 78
1222 pac 277 org 85 dst 69
1223 pac 278 org 13 dst 26
1224 pac 279 org 55 dst 22
1233 pac 280 org 39 dst 15
1233 pac 281 org 70 dst 0
1239 pac 282 org 29 dst 60
1246 pac 283 org 7 dst 27
1247 pac 284 org 15 dst 61
1256 pac 285 org 56 dst 10
1263 pac 286 org 74 dst 21
1269 pac 287 org 80 dst 49
1269 pac 288 org 20 dst 33
1276 pac 289 org 53 dst 55
1285 pac 290 org 28 dst 35
1285 pac 291 org 49 dst 9
1294 pac 292 org 1 dst 15
1297 pac 293 org 87 dst 14
1302 pac 294 org 15 dst 49
1307 pac 295 org 16 dst 33
1312 pac 296 org 35 dst 76
1317 pac 297 org 58 dst 66
1325 pac 298 org 33 dst 28
1329 pac 299 org 31 dst 52
1333 pac 300 org 49 dst 79
1341 pac 301 org 75 dst 30
1343 pac 302 org 52 dst 83
1347 pac 303 org 87 dst 80
1350 pac 304 org 48 dst 88
1353 pac 305 org 4 dst 40
1354 pac 306 org 69 dst 80
1361 pac 307 org 63 dst 44
1369 pac 308 org 79 dst 39
1372 pac 309 org 0 dst 62
1375 pac 310 org 48 dst 25
1379 pac 311 org 62 dst 2
1385 pac 312 org 73 dst 58
1389 pac 313 org 68 dst 48
1398 pac 314 org 54 dst 47
1402 pac 315 org 49 dst 10
1411 pac 316 org 27 dst 45
1414 pac 317 org 38 dst 86
1421 pac 318 org 54 dst 3
1429 pac 319 org 69 dst 15
1434 pac 320 org 79 dst 37
1442 pac 321 org 36 dst 81
1445 pac 322 org 38 dst 48
1446 pac 323 org 14 dst 13
1447 pac 324 org 20 dst 42
1448 pac 325 org 53 dst 51
1449 pac 326 org 74 dst 31
1451 pac 327 org 85 dst 84
1455 pac 328 org 17 dst 20
1461 pac 329 org 13 dst 35
1465 pac 330 org 71 dst 48
1473 pac 331 org 84 dst 68
1477 pac 332 org 51 dst 10
1485 pac 333 org 58 dst 30
1489 pac 334 org 64 dst 66
1492 pac 335 org 32 dst 73
1492 pac 336 org 66 dst 81
1497 pac 337 org 18 dst 52
1498 pac 338 org 24 dst 45
1507 pac 339 org 86 dst 60
1512 pac 340 org 67 dst 31
1520 pac 341 org 55 dst 75
1523 pac 342 org 46 dst 86
1527 pac 343 org 81 dst 45
1529 pac 344 org 80 dst 68
1537 pac 345 org 5 dst 21
1539 pac 346 org 38 dst 42
1545 pac 347 org 55 dst 21
1549 pac 348 org 46 dst 49
1549 pac 349 org 29 dst 15
1555 pac 350 org 27 dst 78
1564 pac 351 org 45 dst 52
1570 pac 352 org 47 dst 0
1578 pac 353 org 45 dst 14
1586 pac 354 org 66 dst 50
1589 pac 355 org 68 dst 40
1589 pac 356 org 6 dst 45
1597 pac 357 org 70 dst 14
1605 pac 358 org 1 dst 34
1609 pac 359 org 56 dst 44
1609 pac 360 org 28 dst 6
1609 pac 361 org 7 dst 4
1609 pac 362 org 10 dst 83
1618 pac 363 org 82 dst 30
1624 pac 364 org 65 dst 85
1631 pac 365 org 6 dst 25
1631 pac 366 org 85 dst 87
1639 pac 367 org 76 dst 55
1645 pac 368 org 81 dst 53
1647 pac 369 org 34 dst 76
1654 pac 370 org 66 dst 70
1661 pac 371 org 16 dst 42
1666 pac 372 org 54 dst 61
1670 pac 373 org 69 dst 81
1672 pac 374 org 72 dst 12
1676 pac 375 org 20 dst 86
1681 pac 376 org 11 dst 69
1681 pac 377 org 33 dst 48
1690 pac 378 org 77 dst 58
1698 pac 379 org 66 dst 24
1704 pac 380 org 55 dst 38
1710 pac 381 org 12 dst 55
1713 pac 382 org 88 dst 28
1721 pac 383 org 30 dst 28
1722 pac 384 org 42 dst 28
1730 pac 385 org 23 dst 21
1738 pac 386 org 16 dst 33
1741 pac 387 org 45 dst 20
1742 pac 388 org 31 dst 6
1750 pac 389 org 3 dst 73
1753 pac 390 org 29 dst 51
1756 pac 391 org 43 dst 75
1760 pac 392 org 3 dst 27
1768 pac 393 org 38 dst 54
1770 pac 394 org 48 dst 63
1779 pac 395 org 34 dst 0
1787 pac 396 org 69 dst 86
1787 pac 397 org 39 dst 72
1791 pac 398 org 59 dst 22
1798 pac 399 org 28 dst 8
1802 pac 400 org 21 dst 15
1803 pac 401 org 15 dst 18
1803 pac 402 org 60 dst 46
1812 pac 403 org 68 dst 33
1812 pac 404 org 38 dst 62
1820 pac 405 org 47 dst 4
1828 pac 406 org 67 dst 2
1836 pac 407 org 54 dst 44
1839 pac 408 org 39 dst 33
1848 pac 409 org 76 dst 29
1852 pac 410 org 21 dst 2
1855 pac 411 org 56 dst 41
1860 pac 412 org 60 dst 64
1866 pac 413 org 59 dst 27
1871 pac 414 org 40 dst 25
1873 pac 415 org 14 dst 12
1882 pac 416 org 34 dst 65
1886 pac 417 org 77 dst 23
1895 pac 418 org 10 dst 26
1899 pac 419 org 60 dst 4
1902 pac 420 org 84 dst 39
1903 pac 421 org 0 dst 35
1905 pac 422 org 22 dst 45
1911 pac 423 org 84 dst 59
1920 pac 424 org 3 dst 39
1927 pac 425 org 19 dst 39
1930 pac 426 org 19 dst 31
1931 pac 427 org 84 dst 1
1931 pac 428 org 55 dst 32
1937 pac 429 org 39 dst 54
1946 pac 430 org 83 dst 64
1955 pac 431 org 30 dst 73
1961 pac 432 org 41 dst 81
1965 pac 433 org 28 dst 72
1971 pac 434 org 46 dst 4
1978 pac 435 org 7 dst 5
1981 pac 436 org 27 dst 84
1981 pac 437 org 21 dst 4
1988 pac 438 org 86 dst 20
1989 pac 439 org 17 dst 37
1994 pac 440 org 77 dst 40
1994 pac 441 org 78 dst 14
1994 pac 442 org 64 dst 12
2002 pac 443 org 2 dst 57
2011 pac 444 org 45 dst 68
2015 pac 445 org 46 dst 69
2017 pac 446 org 74 dst 71
2019 pac 447 org 17 dst 56
2026 pac 448 org 72 dst 86
2029 pac 449 org 24 dst 38
2035 pac 450 org 78 dst 36
2038 pac 451 org 17 dst 62
2038 pac 452 org 57 dst 10
2044 pac 453 org 28 dst 63
2045 pac 454 org 69 dst 47
2054 pac 455 org 49 dst 51
2063 pac 456 org 1 dst 77
2068 pac 457 org 4 dst 54
2071 pac 458 org 58 dst 80
2075 pac 459 org 48 dst 23
2081 pac 460 org 20 dst 68
2083 pac 461 org 71 dst 61
2084 pac 462 org 48 dst 38
2085 pac 463 org 74 dst 49
2085 pac 464 org 65 dst 73
2090 pac 465 org 69 dst 28
2095 pac 466 org 86 dst 32
2102 pac 467 org 31 dst 34
2108 pac 468 org 68 dst 1
2108 pac 469 org 66 dst 44
2116 pac 470 org 18 dst 36
2120 pac 471 org 57 dst 80
2127 pac 472 org 37 dst 32
2128 pac 473 org 8 dst 46
2130 pac 474 org 2 dst 32
2136 pac 475 org 46 dst 71
2140 pac 476 org 63 dst 6
2142 pac 477 org 78 dst 61
2146 pac 478 org 60 dst 26
2155 pac 479 org 29 dst 72
2161 pac 480 org 28 dst 73
2165 pac 481 org 72 dst 22
2168 pac 482 org 10 dst 21
2177 pac 483 org 87 dst 25
2179 pac 484 org 65 dst 63
2184 pac 485 org 58 dst 81
2190 pac 486 org 57 dst 36
2191 pac 487 org 48 dst 83
2197 pac 488 org 19 dst 27
2206 pac 489 org 41 dst 33
2212 pac 490 org 78 dst 7
2216 pac 491 org 71 dst 36
2222 pac 492 org 85 dst 2
2228 pac 493 org 48 dst 75
2231 pac 494 org 69 dst 2
2238 pac 495 org 41 dst 63
2243 pac 496 org 37 dst 83
2247 pac 497 org 54 dst 60
2248 pac 498 org 3 dst 59
2255 pac 499 org 21 dst 3
