5
20
100
1
94
0 0 0 0 0 0 0 0 0 0 0 0 0 0 0 0 0 0 0 0 0 0 0 0 0 0 0 0 0 0 0 0 0 0 0 0 0 0 0 0 0 0 0 0 0 0 0 0 0 0 0 0 0 1 0 0 0 0 0 0 0 0 0 0 0 0 0 0 0 0 0 1 0 0 0 0 0 0 0 0 0 0 0 0 0 0 0 0 0 0 0 0 0 0
0 0 0 0 0 0 0 0 0 0 0 0 0 0 0 0 0 0 0 0 0 0 0 0 0 0 0 0 0 0 0 0 0 0 0 0 0 0 0 0 0 0 0 0 0 0 0 0 0 0 0 0 0 0 0 0 0 0 0 0 0 0 0 0 0 0 0 0 0 0 0 0 0 0 0 0 0 0 0 0 0 0 0 0 0 0 0 0 0 0 1 0 0 0
0 0 0 0 0 0 0 0 0 0 0 0 0 0 0 0 0 0 0 0 0 0 0 0 0 0 0 0 0 0 0 0 0 0 0 0 0 0 0 0 0 0 0 0 0 0 0 0 0 0 0 0 0 0 0 0 0 0 0 0 1 0 0 0 0 0 0 0 0 0 0 0 0 0 0 0 0 0 0 0 0 0 0 0 0 0 0 0 0 0 0 0 0 0
0 0 0 0 0 0 0 0 0 0 0 0 0 0 0 0 0 0 0 0 0 0 0 0 0 0 0 0 0 0 0 0 0 0 0 0 0 0 0 0 0 0 1 0 0 0 0 0 0 0 0 0 0 0 0 0 0 0 0 0 0 0 0 0 0 0 0 0 0 0 0 0 0 0 0 0 0 0 0 0 0 0 0 0 0 0 0 0 0 0 0 0 0 0
0 0 0 0 0 0 0 0 0 0 0 0 0 0 0 0 0 0 0 0 0 0 0 0 0 0 0 0 0 0 0 0 0 0 0 0 0 0 0 0 0 0 0 0 0 0 0 0 0 0 0 0 1 0 0 0 0 0 0 0 0 0 0 0 0 0 0 0 0 0 0 0 0 0 0 0 0 0 0 0 0 0 0 0 0 0 0 0 0 0 0 0 0 0
0 0 0 0 0 0 0 0 0 0 0 0 0 0 0 0 0 0 0 0 0 0 0 0 0 1 0 0 0 0 0 0 0 0 0 0 0 0 0 0 0 0 0 0 0 0 0 0 0 0 0 0 0 0 0 0 0 0 0 0 0 0 0 0 0 0 0 0 0 0 0 0 0 0 0 0 0 0 0 0 0 0 0 0 0 0 0 0 0 0 0 0 0 0
0 0 0 0 0 0 0 0 0 0 0 0 1 0 0 0 0 0 0 0 0 0 0 0 0 0 0 0 0 0 0 0 0 0 0 0 0 0 0 0 0 0 0 0 0 0 0 0 0 0 0 0 0 0 0 0 0 0 0 0 0 0 0 0 0 0 0 0 0 0 0 0 0 0 0 0 0 0 0 1 0 0 0 0 0 0 0 0 0 0 0 0 0 0
0 0 0 0 0 0 0 0 0 0 0 0 0 0 0 0 0 0 0 0 0 0 0 0 0 0 0 0 0 0 0 0 0 0 0 0 0 0 0 0 0 0 0 0 0 0 0 0 0 0 0 0 0 1 0 0 0 0 0 0 0 1 0 0 1 0 0 0 0 0 0 0 0 0 0 0 0 0 0 0 0 0 0 0 0 0 0 0 0 0 0 0 0 0
0 0 0 0 0 0 0 0 0 0 0 0 0 0 0 0 0 0 0 1 0 0 0 0 0 0 0 0 0 0 0 0 0 0 0 0 0 0 0 0 0 0 0 0 0 0 0 0 0 0 0 0 0 0 0 0 0 0 0 0 0 0 0 0 0 0 0 0 0 0 0 0 0 0 0 0 0 0 0 0 0 0 0 0 0 0 0 0 0 0 0 0 0 0
0 0 0 0 0 0 0 0 0 0 0 0 0 0 0 0 0 0 0 0 0 0 0 0 0 0 0 0 0 0 0 0 0 0 0 0 0 0 0 0 0 0 0 0 0 1 0 0 0 0 0 0 0 0 0 0 0 0 0 0 0 0 0 0 0 0 0 0 0 0 0 0 0 0 0 0 0 0 0 0 0 0 0 0 0 0 0 0 0 0 0 0 0 0
0 0 0 0 0 0 0 0 0 0 0 0 0 0 0 0 0 0 0 0 0 0 0 0 0 0 0 0 0 0 0 0 0 0 0 0 0 0 0 0 0 0 0 0 0 0 0 0 0 0 0 0 0 0 0 0 0 0 0 0 0 0 0 0 0 0 0 0 0 0 1 0 0 0 0 0 0 0 0 0 0 0 0 1 0 0 0 0 0 0 0 0 0 0
0 0 0 0 0 0 0 0 0 0 0 0 0 0 0 1 0 0 0 0 0 0 0 0 0 0 0 0 0 0 0 0 0 0 0 0 0 0 0 0 0 0 0 0 0 0 0 0 0 0 0 0 0 0 0 0 0 0 0 0 0 0 0 0 0 0 0 0 0 1 0 0 0 0 0 0 0 0 0 0 0 0 0 0 0 0 0 0 0 0 0 0 0 0
0 0 0 0 0 0 1 0 0 0 0 0 0 0 0 0 0 0 0 0 0 0 0 0 0 0 0 0 0 0 0 0 0 0 0 0 0 0 0 0 0 0 0 0 0 1 0 0 0 0 0 0 0 0 0 0 0 0 0 0 0 0 0 0 0 0 0 0 0 0 0 0 0 0 0 0 0 0 0 0 0 0 0 0 0 0 0 0 0 0 0 0 0 0
0 0 0 0 0 0 0 0 0 0 0 0 0 0 0 0 0 0 0 0 0 0 0 1 0 0 0 0 0 0 0 0 0 0 0 0 0 0 0 0 0 0 0 0 0 0 0 0 0 0 0 0 0 0 0 0 0 0 0 0 0 0 0 0 0 0 0 0 0 0 0 0 0 0 0 1 0 0 0 0 0 0 0 0 0 0 0 0 0 0 0 0 0 0
0 0 0 0 0 0 0 0 0 0 0 0 0 0 0 0 0 0 0 0 0 0 0 0 0 0 0 0 0 0 0 0 0 0 0 0 0 0 0 0 0 0 0 0 0 0 0 0 0 0 0 0 0 0 0 0 0 0 0 0 0 0 0 1 0 0 0 0 0 0 0 0 0 0 0 0 0 0 0 0 0 0 0 0 0 0 0 0 0 1 0 0 0 0
0 0 0 0 0 0 0 0 0 0 0 1 0 0 0 0 0 0 0 0 0 0 0 0 0 0 0 0 0 0 0 0 0 0 0 0 0 0 0 0 0 0 0 0 0 0 0 0 0 0 0 0 0 0 0 0 0 0 0 0 0 0 0 0 0 0 0 0 0 0 0 0 0 0 0 0 0 0 0 0 0 0 0 0 0 0 0 0 0 0 0 0 0 0
0 0 0 0 0 0 0 0 0 0 0 0 0 0 0 0 0 0 0 0 0 0 0 0 0 0 1 0 0 0 0 0 0 0 0 0 0 0 0 0 0 0 0 0 0 0 0 0 0 0 0 0 0 0 0 0 0 0 0 0 0 0 0 0 0 0 0 0 0 0 0 0 0 0 0 0 0 0 0 0 0 0 0 0 0 0 0 0 0 0 0 1 0 0
0 0 0 0 0 0 0 0 0 0 0 0 0 0 0 0 0 0 0 1 0 0 0 0 0 0 0 0 0 0 0 0 0 0 0 0 0 0 0 0 0 0 0 0 0 0 0 0 0 0 0 0 0 0 0 0 0 0 0 0 0 0 0 0 0 0 0 0 0 0 0 0 0 0 0 0 0 0 0 0 0 0 0 0 0 0 0 0 0 0 0 0 0 1
0 0 0 0 0 0 0 0 0 0 0 0 0 0 0 0 0 0 0 0 0 0 0 0 0 0 0 0 0 0 0 0 0 0 0 0 0 0 0 0 0 0 0 0 0 0 0 0 0 0 0 1 0 0 0 1 0 0 0 0 0 0 0 0 0 0 0 0 0 0 0 0 0 0 0 0 0 0 0 0 0 0 0 0 0 0 0 0 0 0 0 0 0 0
0 0 0 0 0 0 0 0 1 0 0 0 0 0 0 0 0 1 0 0 0 0 0 0 0 0 0 0 0 0 0 0 0 0 0 0 0 0 0 0 0 0 0 0 0 0 0 0 0 0 0 0 0 0 0 0 0 0 1 0 0 0 0 0 0 0 0 0 0 0 0 0 0 0 0 0 0 0 0 0 0 0 0 0 0 0 0 0 0 0 0 0 0 0
0 0 0 0 0 0 0 0 0 0 0 0 0 0 0 0 0 0 0 0 0 0 0 0 0 0 0 0 0 0 0 0 0 0 0 0 0 0 0 0 0 0 0 0 0 0 0 0 0 0 0 0 0 0 1 0 0 0 0 0 0 0 0 0 0 0 0 0 0 0 0 0 0 0 0 0 0 0 0 0 0 0 0 0 0 0 0 0 0 0 0 0 0 0
0 0 0 0 0 0 0 0 0 0 0 0 0 0 0 0 0 0 0 0 0 0 0 0 0 0 0 0 0 0 0 0 0 0 0 0 0 0 0 0 0 0 0 0 0 0 0 0 0 0 0 0 0 0 0 0 0 0 0 0 0 0 0 0 0 1 0 0 0 0 0 0 0 0 0 1 0 0 0 0 0 0 0 0 0 0 0 0 0 0 0 0 0 0
0 0 0 0 0 0 0 0 0 0 0 0 0 0 0 0 0 0 0 0 0 0 0 0 0 0 0 0 0 0 0 0 0 0 0 0 0 0 1 0 0 0 0 0 0 0 1 0 0 0 0 0 0 0 0 0 0 0 0 0 0 0 0 0 0 0 0 0 0 0 0 0 0 0 0 0 0 0 0 0 0 0 0 0 0 1 0 0 0 0 0 0 0 0
0 0 0 0 0 0 0 0 0 0 0 0 0 1 0 0 0 0 0 0 0 0 0 0 0 0 0 0 0 0 0 0 0 0 0 0 0 0 0 0 0 0 0 0 0 0 0 0 0 0 0 0 0 0 0 0 0 0 0 0 0 0 0 0 0 0 0 0 0 0 0 0 0 0 0 0 0 0 0 0 0 0 0 0 0 0 0 0 0 0 0 0 0 0
0 0 0 0 0 0 0 0 0 0 0 0 0 0 0 0 0 0 0 0 0 0 0 0 0 0 0 0 0 0 0 0 0 0 0 0 0 0 0 1 0 0 0 0 0 0 0 0 0 0 0 0 0 0 0 0 0 0 0 0 0 0 0 0 0 0 0 0 0 0 0 0 0 0 0 0 0 0 0 0 0 0 0 0 0 0 0 0 1 0 0 0 0 0
0 0 0 0 0 1 0 0 0 0 0 0 0 0 0 0 0 0 0 0 0 0 0 0 0 0 0 0 0 0 0 0 0 0 0 0 0 0 0 0 0 0 0 0 1 0 0 0 0 0 0 0 0 0 0 0 0 0 0 0 0 0 0 0 0 0 0 0 0 0 0 0 0 0 0 0 0 0 0 0 0 0 0 0 0 0 0 0 0 1 0 0 0 0
0 0 0 0 0 0 0 0 0 0 0 0 0 0 0 0 1 0 0 0 0 0 0 0 0 0 0 0 0 0 0 0 0 0 0 0 0 0 0 0 0 0 0 0 0 0 0 0 0 0 0 0 0 0 0 0 0 0 0 0 0 0 0 0 0 0 1 0 0 0 0 0 0 0 0 0 0 0 0 0 0 0 0 0 0 0 0 0 0 0 0 0 0 0
0 0 0 0 0 0 0 0 0 0 0 0 0 0 0 0 0 0 0 0 0 0 0 0 0 0 0 0 0 0 0 0 0 0 0 0 0 0 0 0 0 1 0 0 0 0 0 0 0 0 0 0 0 0 0 0 0 0 0 0 1 0 0 0 0 0 1 0 0 0 0 0 0 0 0 0 0 0 0 0 0 0 0 0 0 0 0 0 0 0 0 0 0 0
0 0 0 0 0 0 0 0 0 0 0 0 0 0 0 0 0 0 0 0 0 0 0 0 0 0 0 0 0 0 0 0 0 0 0 0 0 0 0 0 0 0 0 0 0 0 0 0 0 0 0 0 0 0 0 0 0 0 0 0 0 0 1 0 0 0 0 0 0 0 0 0 0 0 0 0 0 0 0 0 0 0 0 0 0 0 0 0 0 0 0 0 0 0
0 0 0 0 0 0 0 0 0 0 0 0 0 0 0 0 0 0 0 0 0 0 0 0 0 0 0 0 0 0 0 0 0 0 0 0 0 0 0 0 0 1 0 0 0 0 0 0 0 0 0 0 0 0 0 0 0 0 0 0 0 0 0 0 0 0 0 0 0 0 0 0 0 0 0 0 0 1 0 0 0 0 0 0 0 0 0 0 0 0 0 0 0 0
0 0 0 0 0 0 0 0 0 0 0 0 0 0 0 0 0 0 0 0 0 0 0 0 0 0 0 0 0 0 0 0 0 0 0 0 0 0 0 0 0 0 0 0 0 0 0 0 0 0 0 0 0 0 0 0 0 0 0 0 0 0 0 0 0 0 0 0 0 0 0 0 0 0 0 0 0 0 0 0 0 0 0 0 0 1 0 0 0 0 0 0 1 0
0 0 0 0 0 0 0 0 0 0 0 0 0 0 0 0 0 0 0 0 0 0 0 0 0 0 0 0 0 0 0 0 0 0 0 0 0 0 0 0 0 0 0 0 0 0 0 0 0 0 0 0 0 0 1 0 0 0 0 0 0 0 0 0 0 0 0 0 0 0 0 0 0 0 0 0 0 0 1 0 0 0 0 0 0 0 0 1 0 0 0 0 0 0
0 0 0 0 0 0 0 0 0 0 0 0 0 0 0 0 0 0 0 0 0 0 0 0 0 0 0 0 0 0 0 0 0 0 0 0 0 0 0 0 0 0 0 0 0 0 0 0 0 0 0 0 0 0 0 0 0 0 0 0 0 0 0 0 0 0 0 0 0 0 0 0 0 0 0 0 0 0 0 0 0 0 0 0 0 0 0 0 0 0 0 0 0 1
0 0 0 0 0 0 0 0 0 0 0 0 0 0 0 0 0 0 0 0 0 0 0 0 0 0 0 0 0 0 0 0 0 0 0 0 0 0 0 0 0 0 0 0 0 0 0 0 0 0 0 0 0 1 0 0 0 0 0 0 0 0 0 0 0 0 0 0 0 0 0 0 0 0 0 0 0 0 0 0 0 0 0 0 0 0 0 0 0 0 0 0 0 1
0 0 0 0 0 0 0 0 0 0 0 0 0 0 0 0 0 0 0 0 0 0 0 0 0 0 0 0 0 0 0 0 0 0 0 0 0 0 0 0 0 0 0 0 0 0 0 0 0 0 0 0 0 0 0 0 0 0 0 0 0 0 0 0 0 0 0 0 0 0 1 0 0 0 0 0 0 0 0 0 0 0 0 0 1 0 0 0 0 0 0 0 0 0
0 0 0 0 0 0 0 0 0 0 0 0 0 0 0 0 0 0 0 0 0 0 0 0 0 0 0 0 0 0 0 0 0 0 0 0 0 0 0 0 0 0 0 0 0 0 0 0 0 0 0 0 0 1 0 0 0 1 0 0 0 0 0 0 0 0 0 0 0 0 0 0 0 0 0 0 0 0 0 0 0 0 0 0 0 0 0 0 0 0 0 0 0 0
0 0 0 0 0 0 0 0 0 0 0 0 0 0 0 0 0 0 0 0 0 0 0 0 0 0 0 0 0 0 0 0 0 0 0 0 0 0 0 0 0 0 0 0 0 0 0 0 0 0 0 0 0 0 0 0 0 0 0 0 0 0 0 0 0 0 0 0 0 0 0 0 0 0 1 0 0 0 0 0 0 0 0 0 1 0 0 0 0 0 0 0 1 0
0 0 0 0 0 0 0 0 0 0 0 0 0 0 0 0 0 0 0 0 0 0 0 0 0 0 0 0 0 0 0 0 0 0 0 0 0 0 0 0 0 0 0 0 0 0 0 0 0 0 0 0 0 0 0 0 0 0 0 0 0 0 0 0 0 1 0 0 0 0 0 0 0 0 0 0 0 0 0 0 0 0 0 0 0 0 0 0 0 0 0 0 0 0
0 0 0 0 0 0 0 0 0 0 0 0 0 0 0 0 0 0 0 0 0 0 1 0 0 0 0 0 0 0 0 0 0 0 0 0 0 0 0 0 0 0 0 0 0 0 0 0 0 0 0 0 0 0 0 0 0 0 0 0 0 0 0 0 0 0 0 0 0 0 0 0 0 0 0 0 0 0 0 0 0 0 0 0 0 0 0 0 0 0 0 0 0 0
0 0 0 0 0 0 0 0 0 0 0 0 0 0 0 0 0 0 0 0 0 0 0 0 1 0 0 0 0 0 0 0 0 0 0 0 0 0 0 0 0 0 0 0 0 0 0 0 0 0 0 0 0 0 0 0 0 0 0 0 0 0 0 0 0 0 0 0 0 0 0 0 0 0 0 0 0 0 0 0 0 0 0 0 0 0 0 0 0 0 0 0 0 0
0 0 0 0 0 0 0 0 0 0 0 0 0 0 0 0 0 0 0 0 0 0 0 0 0 0 0 0 0 0 0 0 0 0 0 0 0 0 0 0 0 0 0 0 0 0 0 1 0 0 0 0 0 0 0 0 0 0 0 0 0 0 0 0 0 0 0 0 0 0 0 0 0 0 0 0 0 0 0 0 0 0 0 0 0 0 0 0 0 0 0 0 0 0
0 0 0 0 0 0 0 0 0 0 0 0 0 0 0 0 0 0 0 0 0 0 0 0 0 0 0 1 0 1 0 0 0 0 0 0 0 0 0 0 0 0 0 0 0 0 0 0 0 0 0 0 0 0 0 0 0 0 0 0 0 0 0 0 0 0 0 0 0 0 0 0 0 0 0 0 0 0 0 0 0 0 0 0 0 0 0 0 0 0 0 0 0 0
0 0 0 1 0 0 0 0 0 0 0 0 0 0 0 0 0 0 0 0 0 0 0 0 0 0 0 0 0 0 0 0 0 0 0 0 0 0 0 0 0 0 0 0 0 0 0 0 0 0 0 0 0 0 0 0 0 0 0 0 0 0 0 0 0 0 0 1 0 0 0 0 0 0 0 0 0 0 0 0 0 0 0 0 0 0 0 0 0 0 0 0 0 0
0 0 0 0 0 0 0 0 0 0 0 0 0 0 0 0 0 0 0 0 0 0 0 0 0 0 0 0 0 0 0 0 0 0 0 0 0 0 0 0 0 0 0 0 0 0 0 0 0 0 0 0 1 0 0 0 0 0 0 0 0 0 0 0 0 0 0 0 0 0 0 0 0 0 0 0 0 0 0 0 0 0 0 0 0 0 0 0 0 0 0 0 0 0
0 0 0 0 0 0 0 0 0 0 0 0 0 0 0 0 0 0 0 0 0 0 0 0 0 1 0 0 0 0 0 0 0 0 0 0 0 0 0 0 0 0 0 0 0 0 0 0 0 0 0 0 0 0 0 0 0 0 0 0 0 0 0 0 0 0 0 0 0 0 0 0 0 0 0 0 0 0 0 0 0 0 0 0 0 0 0 0 0 0 0 0 0 0
0 0 0 0 0 0 0 0 0 1 0 0 1 0 0 0 0 0 0 0 0 0 0 0 0 0 0 0 0 0 0 0 0 0 0 0 0 0 0 0 0 0 0 0 0 0 0 0 0 0 0 0 0 0 0 0 0 0 0 0 0 0 0 0 0 0 0 0 0 0 0 0 0 0 0 0 0 0 0 0 0 0 0 0 0 0 0 1 0 0 0 0 0 0
0 0 0 0 0 0 0 0 0 0 0 0 0 0 0 0 0 0 0 0 0 0 1 0 0 0 0 0 0 0 0 0 0 0 0 0 0 0 0 0 0 0 0 0 0 0 0 0 0 0 0 0 0 0 0 0 0 0 0 0 0 0 0 0 0 0 0 0 0 0 0 0 0 0 0 0 0 0 0 0 0 0 0 0 0 0 0 0 0 0 0 0 0 0
0 0 0 0 0 0 0 0 0 0 0 0 0 0 0 0 0 0 0 0 0 0 0 0 0 0 0 0 0 0 0 0 0 0 0 0 0 0 0 0 1 0 0 0 0 0 0 0 0 0 0 0 0 1 0 0 0 0 0 0 0 0 0 0 0 0 0 0 0 0 0 0 0 0 0 0 0 0 0 0 0 1 0 0 0 0 0 0 0 0 0 0 0 0
0 0 0 0 0 0 0 0 0 0 0 0 0 0 0 0 0 0 0 0 0 0 0 0 0 0 0 0 0 0 0 0 0 0 0 0 0 0 0 0 0 0 0 0 0 0 0 0 0 0 0 1 0 0 0 0 0 0 0 0 0 0 0 0 0 0 0 0 0 0 0 0 0 0 0 0 0 0 0 0 0 0 0 0 0 0 0 0 0 0 0 0 0 0
0 0 0 0 0 0 0 0 0 0 0 0 0 0 0 0 0 0 0 0 0 0 0 0 0 0 0 0 0 0 0 0 0 0 0 0 0 0 0 0 0 0 0 0 0 0 0 0 0 0 0 0 0 0 0 0 0 1 0 0 0 0 0 0 0 0 0 0 0 0 0 0 0 0 0 0 0 0 0 0 0 0 0 0 0 0 0 0 0 0 0 0 0 0
0 0 0 0 0 0 0 0 0 0 0 0 0 0 0 0 0 0 0 0 0 0 0 0 0 0 0 0 0 0 0 0 0 0 0 0 0 0 0 0 0 0 0 0 0 0 0 0 0 0 0 0 0 0 0 0 0 0 0 0 1 0 0 0 0 0 0 0 0 0 0 0 0 0 0 0 0 0 0 0 0 0 0 0 0 0 0 0 0 0 0 0 0 0
0 0 0 0 0 0 0 0 0 0 0 0 0 0 0 0 0 0 1 0 0 0 0 0 0 0 0 0 0 0 0 0 0 0 0 0 0 0 0 0 0 0 0 0 0 0 0 0 1 0 0 0 0 0 0 0 0 0 0 0 0 0 0 0 0 0 0 0 0 0 0 0 0 0 0 0 0 0 0 0 0 0 0 0 0 0 0 0 0 0 0 0 0 0
0 0 0 0 1 0 0 0 0 0 0 0 0 0 0 0 0 0 0 0 0 0 0 0 0 0 0 0 0 0 0 0 0 0 0 0 0 0 0 0 0 0 0 1 0 0 0 0 0 0 0 0 0 0 0 0 0 0 0 0 0 0 0 0 0 0 0 0 0 0 0 0 0 0 0 0 0 0 0 0 0 0 0 0 0 0 0 0 1 0 0 0 0 0
1 0 0 0 0 0 0 1 0 0 0 0 0 0 0 0 0 0 0 0 0 0 0 0 0 0 0 0 0 0 0 0 0 1 0 1 0 0 0 0 0 0 0 0 0 0 0 1 0 0 0 0 0 0 0 0 0 0 0 0 0 0 0 0 0 0 0 0 0 0 0 0 0 0 0 0 0 0 0 0 0 0 0 0 0 0 0 0 0 0 0 0 1 0
0 0 0 0 0 0 0 0 0 0 0 0 0 0 0 0 0 0 0 0 1 0 0 0 0 0 0 0 0 0 0 1 0 0 0 0 0 0 0 0 0 0 0 0 0 0 0 0 0 0 0 0 0 0 0 0 0 0 0 0 0 0 0 0 0 0 0 0 0 0 0 0 0 0 0 0 0 0 0 0 0 0 0 0 0 0 0 0 0 0 0 0 0 0
0 0 0 0 0 0 0 0 0 0 0 0 0 0 0 0 0 0 1 0 0 0 0 0 0 0 0 0 0 0 0 0 0 0 0 0 0 0 0 0 0 0 0 0 0 0 0 0 0 0 0 0 0 0 0 0 0 0 0 0 0 0 0 0 0 0 0 0 0 0 0 0 0 0 0 0 0 0 0 0 0 0 0 1 0 0 0 1 0 0 0 0 0 0
0 0 0 0 0 0 0 0 0 0 0 0 0 0 0 0 0 0 0 0 0 0 0 0 0 0 0 0 0 0 0 0 0 0 0 0 0 0 0 0 0 0 0 0 0 0 0 0 0 0 0 0 0 0 0 0 0 0 0 0 0 0 0 0 1 0 0 0 0 1 0 0 0 0 0 0 0 0 0 0 0 0 0 0 0 0 0 0 0 0 0 0 0 0
0 0 0 0 0 0 0 0 0 0 0 0 0 0 0 0 0 0 0 0 0 0 0 0 0 0 0 0 0 0 0 0 0 0 0 1 0 0 0 0 0 0 0 0 0 0 0 0 0 1 0 0 0 0 0 0 0 0 0 0 0 0 0 0 0 0 0 0 0 0 0 0 0 0 0 0 0 0 0 0 0 0 0 0 0 0 0 0 0 0 0 0 0 0
0 0 0 0 0 0 0 0 0 0 0 0 0 0 0 0 0 0 0 1 0 0 0 0 0 0 0 0 0 0 0 0 0 0 0 0 0 0 0 0 0 0 0 0 0 0 0 0 0 0 0 0 0 0 0 0 0 0 0 0 0 0 0 0 0 0 0 0 0 0 0 0 0 0 0 0 0 0 0 0 0 0 0 0 0 0 0 0 0 0 0 0 0 0
0 0 0 0 0 0 0 0 0 0 0 0 0 0 0 0 0 0 0 0 0 0 0 0 0 0 0 0 0 0 0 0 0 0 0 0 0 0 0 0 0 0 0 0 0 0 0 0 0 0 0 0 0 0 0 0 0 0 0 0 0 0 0 0 0 0 0 0 0 0 0 0 0 0 0 0 0 0 0 0 1 0 0 0 0 0 0 0 0 0 0 0 0 0
0 0 1 0 0 0 0 0 0 0 0 0 0 0 0 0 0 0 0 0 0 0 0 0 0 0 0 1 0 0 0 0 0 0 0 0 0 0 0 0 0 0 0 0 0 0 0 0 0 0 1 0 0 0 0 0 0 0 0 0 0 0 0 0 0 0 0 0 0 0 0 0 0 0 0 0 0 0 0 0 0 0 0 0 0 0 0 0 1 0 0 0 0 0
0 0 0 0 0 0 0 1 0 0 0 0 0 0 0 0 0 0 0 0 0 0 0 0 0 0 0 0 0 0 0 0 0 0 0 0 0 0 0 0 0 0 0 0 0 0 0 0 0 0 0 0 0 0 0 0 0 0 0 0 0 0 0 0 0 0 0 0 0 0 0 0 0 0 0 0 1 0 0 0 0 0 0 0 0 0 0 0 1 0 1 0 0 0
0 0 0 0 0 0 0 0 0 0 0 0 0 0 0 0 0 0 0 0 0 0 0 0 0 0 0 0 1 0 0 0 0 0 0 0 0 0 0 0 0 0 0 0 0 0 0 0 0 0 0 0 0 0 0 0 0 0 0 0 0 0 0 0 0 0 1 0 1 0 0 0 0 0 0 0 0 0 0 0 0 0 0 0 0 0 0 0 0 0 0 0 0 0
0 0 0 0 0 0 0 0 0 0 0 0 0 0 1 0 0 0 0 0 0 0 0 0 0 0 0 0 0 0 0 0 0 0 0 0 0 0 0 0 0 0 0 0 0 0 0 0 0 0 0 0 0 0 0 0 0 0 0 0 0 0 0 0 0 0 0 0 0 0 0 1 0 0 0 0 0 0 0 0 0 0 0 0 0 0 0 0 0 0 0 0 0 0
0 0 0 0 0 0 0 1 0 0 0 0 0 0 0 0 0 0 0 0 0 0 0 0 0 0 0 0 0 0 0 0 0 0 0 0 0 0 0 0 0 0 0 0 0 0 0 0 0 0 0 0 0 0 0 0 1 0 0 0 0 0 0 0 0 0 0 0 0 0 0 0 0 1 0 0 0 0 0 0 0 0 0 0 0 0 0 0 0 0 0 0 0 0
0 0 0 0 0 0 0 0 0 0 0 0 0 0 0 0 0 0 0 0 0 1 0 0 0 0 0 0 0 0 0 0 0 0 0 0 0 1 0 0 0 0 0 0 0 0 0 0 0 0 0 0 0 0 0 0 0 0 0 0 0 0 0 0 0 0 0 0 0 0 0 0 0 0 0 0 0 0 0 0 0 0 1 0 0 0 0 0 0 0 0 0 1 0
0 0 0 0 0 0 0 0 0 0 0 0 0 0 0 0 0 0 0 0 0 0 0 0 0 0 1 1 0 0 0 0 0 0 0 0 0 0 0 0 0 0 0 0 0 0 0 0 0 0 0 0 0 0 0 0 0 0 0 0 0 0 1 0 0 0 0 0 0 0 0 0 0 0 0 0 0 0 0 0 0 0 0 0 0 0 0 0 0 0 0 0 0 0
0 0 0 0 0 0 0 0 0 0 0 0 0 0 0 0 0 0 0 0 0 0 0 0 0 0 0 0 0 0 0 0 0 0 0 0 0 0 0 0 0 0 1 0 0 0 0 0 0 0 0 0 0 0 0 0 0 0 0 0 0 0 0 0 0 0 0 0 0 0 0 0 0 0 0 0 0 0 0 0 0 0 0 0 0 1 0 0 0 0 0 0 0 0
0 0 0 0 0 0 0 0 0 0 0 0 0 0 0 0 0 0 0 0 0 0 0 0 0 0 0 0 0 0 0 0 0 0 0 0 0 0 0 0 0 0 0 0 0 0 0 0 0 0 0 0 0 0 0 0 0 0 0 0 0 0 1 0 0 0 0 0 0 0 0 0 0 0 0 0 0 0 0 0 0 0 0 0 0 0 0 0 0 0 0 0 0 0
0 0 0 0 0 0 0 0 0 0 0 1 0 0 0 0 0 0 0 0 0 0 0 0 0 0 0 0 0 0 0 0 0 0 0 0 0 0 0 0 0 0 0 0 0 0 0 0 0 0 0 0 0 0 0 0 1 0 0 0 0 0 0 0 0 0 0 0 0 0 0 0 0 0 0 0 0 0 0 0 0 0 0 0 0 0 0 0 0 0 0 0 0 0
0 0 0 0 0 0 0 0 0 0 1 0 0 0 0 0 0 0 0 0 0 0 0 0 0 0 0 0 0 0 0 0 0 0 1 0 0 0 0 0 0 0 0 0 0 0 0 0 0 0 0 0 0 0 0 0 0 0 0 0 0 0 0 0 0 0 0 0 0 0 0 0 0 0 0 0 0 0 0 0 0 0 0 0 0 0 0 0 0 0 0 0 0 0
1 0 0 0 0 0 0 0 0 0 0 0 0 0 0 0 0 0 0 0 0 0 0 0 0 0 0 0 0 0 0 0 0 0 0 0 0 0 0 0 0 0 0 0 0 0 0 0 0 0 0 0 0 0 0 0 0 0 0 0 0 0 0 1 0 0 0 0 0 0 0 0 0 0 0 0 0 0 0 0 0 0 0 0 0 0 0 0 0 0 0 0 0 0
0 0 0 0 0 0 0 0 0 0 0 0 0 0 0 0 0 0 0 0 0 0 0 0 0 0 0 0 0 0 0 0 0 0 0 0 0 0 0 0 0 0 0 0 0 0 0 0 0 0 0 0 0 0 0 0 0 0 0 0 0 0 0 0 0 0 0 0 0 0 0 0 0 0 0 0 1 0 0 0 0 0 0 0 0 0 0 0 0 0 0 0 0 0
0 0 0 0 0 0 0 0 0 0 0 0 0 0 0 0 0 0 0 0 0 0 0 0 0 0 0 0 0 0 0 0 0 0 0 0 0 0 0 0 0 0 0 0 0 0 0 0 0 0 0 0 0 0 0 0 0 0 0 0 0 0 0 0 1 0 0 0 0 0 0 0 0 0 0 0 0 0 0 0 0 0 0 0 0 0 0 0 0 0 0 0 0 0
0 0 0 0 0 0 0 0 0 0 0 0 0 0 0 0 0 0 0 0 0 0 0 0 0 0 0 0 0 0 0 0 0 0 0 0 1 0 0 0 0 0 0 0 0 0 0 0 0 0 0 0 0 0 0 0 0 0 0 0 0 0 0 0 0 0 0 0 0 0 0 0 0 0 0 0 0 0 0 0 0 0 0 0 0 0 0 0 0 0 0 0 0 0
0 0 0 0 0 0 0 0 0 0 0 0 0 1 0 0 0 0 0 0 0 1 0 0 0 0 0 0 0 0 0 0 0 0 0 0 0 0 0 0 0 0 0 0 0 0 0 0 0 0 0 0 0 0 0 0 0 0 0 0 0 0 0 0 0 0 0 0 0 0 0 0 0 0 0 0 0 0 0 0 0 0 0 0 0 0 0 0 0 0 0 0 0 0
0 0 0 0 0 0 0 0 0 0 0 0 0 0 0 0 0 0 0 0 0 0 0 0 0 0 0 0 0 0 0 0 0 0 0 0 0 0 0 0 0 0 0 0 0 0 0 0 0 0 0 0 0 0 0 0 0 0 0 0 0 1 0 0 0 0 0 0 0 0 0 0 1 0 0 0 0 0 0 0 0 0 0 0 0 0 0 0 0 0 0 0 0 0
0 0 0 0 0 0 0 0 0 0 0 0 0 0 0 0 0 0 0 0 0 0 0 0 0 0 0 0 0 1 0 0 0 0 0 0 0 0 0 0 0 0 0 0 0 0 0 0 0 0 0 0 0 0 0 0 0 0 0 0 0 0 0 0 0 0 0 0 0 0 0 0 0 0 0 0 0 0 0 0 0 0 0 0 0 0 0 0 0 0 0 0 0 0
0 0 0 0 0 0 0 0 0 0 0 0 0 0 0 0 0 0 0 0 0 0 0 0 0 0 0 0 0 0 0 1 0 0 0 0 0 0 0 0 0 0 0 0 0 0 0 0 0 0 0 0 0 0 0 0 0 0 0 0 0 0 0 0 0 0 0 0 0 0 0 0 0 0 0 0 0 0 0 0 0 0 0 0 0 0 0 0 0 0 0 0 0 0
0 0 0 0 0 0 1 0 0 0 0 0 0 0 0 0 0 0 0 0 0 0 0 0 0 0 0 0 0 0 0 0 0 0 0 0 0 0 0 0 0 0 0 0 0 0 0 0 0 0 0 0 0 0 0 0 0 0 0 0 0 0 0 0 0 0 0 0 0 0 0 0 0 0 0 0 0 0 0 0 0 0 0 0 0 0 0 0 0 0 0 0 0 0
0 0 0 0 0 0 0 0 0 0 0 0 0 0 0 0 0 0 0 0 0 0 0 0 0 0 0 0 0 0 0 0 0 0 0 0 0 0 0 0 0 0 0 0 0 0 0 0 0 0 0 0 0 0 0 0 0 0 0 1 0 0 0 0 0 0 0 0 0 0 0 0 0 0 0 0 0 0 0 0 0 0 0 0 0 0 0 0 0 0 0 0 1 0
0 0 0 0 0 0 0 0 0 0 0 0 0 0 0 0 0 0 0 0 0 0 0 0 0 0 0 0 0 0 0 0 0 0 0 0 0 0 0 0 0 0 0 0 0 0 0 1 0 0 0 0 0 0 0 0 0 0 0 0 0 0 0 0 0 0 0 0 0 0 0 0 0 0 0 0 0 0 0 0 0 0 0 0 0 0 0 0 0 0 0 0 0 0
0 0 0 0 0 0 0 0 0 0 0 0 0 0 0 0 0 0 0 0 0 0 0 0 0 0 0 0 0 0 0 0 0 0 0 0 0 0 0 0 0 0 0 0 0 0 0 0 0 0 0 0 0 0 0 0 0 0 0 0 0 0 0 0 0 1 0 0 0 0 0 0 0 0 0 0 0 0 0 0 0 0 0 0 0 0 0 0 0 0 0 0 0 0
0 0 0 0 0 0 0 0 0 0 1 0 0 0 0 0 0 0 0 0 0 0 0 0 0 0 0 0 0 0 0 0 0 0 0 0 0 0 0 0 0 0 0 0 0 0 0 0 0 0 0 0 0 0 0 1 0 0 0 0 0 0 0 0 0 0 0 0 0 0 0 0 0 0 0 0 0 0 0 0 0 0 0 0 0 0 0 0 0 0 0 0 0 0
0 0 0 0 0 0 0 0 0 0 0 0 0 0 0 0 0 0 0 0 0 0 0 0 0 0 0 0 0 0 0 0 0 0 1 0 1 0 0 0 0 0 0 0 0 0 0 0 0 0 0 0 0 0 0 0 0 0 0 0 0 0 0 0 0 0 0 0 0 0 0 0 0 0 0 0 0 0 0 0 0 0 0 0 0 0 0 0 0 0 0 0 0 0
0 0 0 0 0 0 0 0 0 0 0 0 0 0 0 0 0 0 0 0 0 0 1 0 0 0 0 0 0 0 1 0 0 0 0 0 0 0 0 0 0 0 0 0 0 0 0 0 0 0 0 0 0 0 0 0 0 0 0 0 0 0 0 0 0 0 0 1 0 0 0 0 0 0 0 0 0 0 0 0 0 0 0 0 0 0 0 0 0 0 0 0 0 0
0 0 0 0 0 0 0 0 0 0 0 0 0 0 0 0 0 0 0 0 0 0 0 0 0 0 0 0 0 0 0 0 0 0 0 0 0 0 0 0 0 0 0 0 0 0 0 0 0 0 0 0 0 0 0 0 0 0 0 0 0 0 0 0 0 0 0 0 0 0 0 0 0 0 0 0 0 0 0 0 0 0 0 0 0 0 0 0 0 0 1 0 0 0
0 0 0 0 0 0 0 0 0 0 0 0 0 0 0 0 0 0 0 0 0 0 0 0 0 0 0 0 0 0 0 1 0 0 0 0 0 0 0 0 0 0 0 0 0 1 0 0 0 0 0 0 0 0 0 1 0 0 0 0 0 0 0 0 0 0 0 0 0 0 0 0 0 0 0 0 0 0 0 0 0 0 0 0 0 0 0 0 0 0 0 0 0 0
0 0 0 0 0 0 0 0 0 0 0 0 0 0 0 0 0 0 0 0 0 0 0 0 1 0 0 0 0 0 0 0 0 0 0 0 0 0 0 0 0 0 0 0 0 0 0 0 0 0 0 0 1 0 0 0 0 0 0 0 1 1 0 0 0 0 0 0 0 0 0 0 0 0 0 0 0 0 0 0 0 0 0 0 0 0 0 0 0 0 0 0 0 0
0 0 0 0 0 0 0 0 0 0 0 0 0 0 1 0 0 0 0 0 0 0 0 0 0 1 0 0 0 0 0 0 0 0 0 0 0 0 0 0 0 0 0 0 0 0 0 0 0 0 0 0 0 0 0 0 0 0 0 0 0 0 0 0 0 0 0 0 0 0 0 0 0 0 0 0 0 0 0 0 0 0 0 0 0 0 0 0 0 0 0 0 0 0
0 1 0 0 0 0 0 0 0 0 0 0 0 0 0 0 0 0 0 0 0 0 0 0 0 0 0 0 0 0 0 0 0 0 0 0 0 0 0 0 0 0 0 0 0 0 0 0 0 0 0 0 0 0 0 0 0 0 0 0 0 1 0 0 0 0 0 0 0 0 0 0 0 0 0 0 0 0 0 0 0 0 0 0 0 0 1 0 0 0 0 0 0 0
0 0 0 0 0 0 0 0 0 0 0 0 0 0 0 0 1 0 0 0 0 0 0 0 0 0 0 0 0 0 0 0 0 0 0 0 0 0 0 0 0 0 0 0 0 0 0 0 0 0 0 0 0 0 0 0 0 0 0 0 0 0 0 0 0 0 0 0 0 0 0 0 0 0 0 0 0 0 0 0 0 0 0 0 0 0 0 0 0 0 0 0 0 0
0 0 0 0 0 0 0 0 0 0 0 0 0 0 0 0 0 0 0 0 0 0 0 0 0 0 0 0 0 0 1 0 0 0 0 0 1 0 0 0 0 0 0 0 0 0 0 0 0 0 0 0 0 1 0 0 0 0 0 0 0 0 0 0 0 1 0 0 0 0 0 0 0 0 0 0 0 0 0 0 1 0 0 0 0 0 0 0 0 0 0 0 0 0
0 0 0 0 0 0 0 0 0 0 0 0 0 0 0 0 0 1 0 0 0 0 0 0 0 0 0 0 0 0 0 0 1 1 0 0 0 0 0 0 0 0 0 0 0 0 0 0 0 0 0 0 0 0 0 0 0 0 0 0 0 0 0 0 0 0 0 0 0 0 0 0 0 0 0 0 0 0 0 0 0 0 0 0 0 0 0 0 0 0 0 0 0 0
500
6 pac 0 org 49 dst 40
13 pac 1 org 45 dst 30
15 pac 2 org 89 dst 11
15 pac 3 org 58 dst 77
22 pac 4 org 28 dst 0
23 pac 5 org 37 dst 69
26 pac 6 org 90 dst 66
35 pac 7 org 76 dst 68
44 pac 8 org 27 dst 38
52 pac 9 org 82 dst 61
52 pac 10 org 70 dst 8
58 pac 11 org 5 dst 35
59 pac 12 org 9 dst 62
60 pac 13 org 14 dst 35
68 pac 14 org 61 dst 9
70 pac 15 org 38 dst 79
71 pac 16 org 33 dst 1
80 pac 17 org 39 dst 5
89 pac 18 org 13 dst 20
92 pac 19 org 58 dst 32
99 pac 20 org 50 dst 86
105 pac 21 org 67 dst 49
110 pac 22 org 78 dst 28
116 pac 23 org 83 dst 1
116 pac 24 org 16 dst 3
121 pac 25 org 46 dst 11
128 pac 26 org 12 dst 50
134 pac 27 org 91 dst 35
134 pac 28 org 89 dst 40
137 pac 29 org 39 dst 12
145 pac 30 org 10 dst 41
147 pac 31 org 80 dst 41
149 pac 32 org 24 dst 45
155 pac 33 org 93 dst 38
158 pac 34 org 59 dst 67
161 pac 35 org 93 dst 51
166 pac 36 org 70 dst 42
167 pac 37 org 59 dst 16
174 pac 38 org 1 dst 60
178 pac 39 org 42 dst 47
178 pac 40 org 73 dst 47
182 pac 41 org 93 dst 70
184 pac 42 org 7 dst 1
185 pac 43 org 45 dst 80
192 pac 44 org 14 dst 31
192 pac 45 org 36 dst 33
201 pac 46 org 88 dst 16
202 pac 47 org 56 dst 30
206 pac 48 org 46 dst 91
214 pac 49 org 11 dst 48
216 pac 50 org 60 dst 7
222 pac 51 org 81 dst 73
230 pac 52 org 10 dst 56
238 pac 53 org 82 dst 85
240 pac 54 org 25 dst 57
242 pac 55 org 38 dst 3
247 pac 56 org 73 dst 70
249 pac 57 org 49 dst 33
257 pac 58 org 75 dst 41
264 pac 59 org 21 dst 70
264 pac 60 org 26 dst 88
271 pac 61 org 68 dst 43
278 pac 62 org 42 dst 18
285 pac 63 org 5 dst 43
287 pac 64 org 3 dst 4
287 pac 65 org 37 dst 35
294 pac 66 org 47 dst 13
301 pac 67 org 39 dst 80
308 pac 68 org 45 dst 20
315 pac 69 org 44 dst 47
315 pac 70 org 66 dst 16
321 pac 71 org 45 dst 34
330 pac 72 org 82 dst 68
331 pac 73 org 16 dst 93
338 pac 74 org 49 dst 86
347 pac 75 org 0 dst 40
351 pac 76 org 21 dst 23
354 pac 77 org 43 dst 65
357 pac 78 org 2 dst 49
358 pac 79 org 21 dst 23
360 pac 80 org 32 dst 3
361 pac 81 org 73 dst 53
368 pac 82 org 73 dst 15
372 pac 83 org 69 dst 47
380 pac 84 org 77 dst 33
381 pac 85 org 37 dst 16
387 pac 86 org 15 dst 59
394 pac 87 org 27 dst 3
395 pac 88 org 19 dst 30
396 pac 89 org 59 dst 80
399 pac 90 org 8 dst 80
407 pac 91 org 6 dst 10
408 pac 92 org 80 dst 36
408 pac 93 org 89 dst 14
415 pac 94 org 0 dst 1
421 pac 95 org 65 dst 19
426 pac 96 org 18 dst 63
434 pac 97 org 56 dst 20
435 pac 98 org 49 dst 77
439 pac 99 org 70 dst 22
446 pac 100 org 65 dst 48
450 pac 101 org 50 dst 66
450 pac 102 org 4 dst 40
457 pac 103 org 68 dst 75
462 pac 104 org 84 dst 66
462 pac 105 org 51 dst 35
462 pac 106 org 46 dst 75
462 pac 107 org 20 dst 58
463 pac 108 org 7 dst 61
467 pac 109 org 5 dst 74
473 pac 110 org 86 dst 61
482 pac 111 org 9 dst 82
484 pac 112 org 78 dst 62
489 pac 113 org 90 dst 43
494 pac 114 org 10 dst 5
497 pac 115 org 58 dst 49
506 pac 116 org 0 dst 67
506 pac 117 org 38 dst 85
510 pac 118 org 36 dst 68
514 pac 119 org 28 dst 9
523 pac 120 org 52 dst 84
529 pac 121 org 55 dst 48
532 pac 122 org 38 dst 74
533 pac 123 org 46 dst 19
539 pac 124 org 40 dst 88
543 pac 125 org 93 dst 33
549 pac 126 org 49 dst 14
555 pac 127 org 77 dst 2
558 pac 128 org 17 dst 64
559 pac 129 org 1 dst 10
562 pac 130 org 25 dst 75
562 pac 131 org 17 dst 22
563 pac 132 org 45 dst 67
570 pac 133 org 9 dst 65
577 pac 134 org 84 dst 69
581 pac 135 org 76 dst 60
582 pac 136 org 7 dst 30
582 pac 137 org 3 dst 38
582 pac 138 org 89 dst 57
582 pac 139 org 88 dst 72
583 pac 140 org 81 dst 8
586 pac 141 org 41 dst 14
587 pac 142 org 5 dst 32
590 pac 143 org 52 dst 78
594 pac 144 org 79 dst 89
597 pac 145 org 60 dst 13
605 pac 146 org 19 dst 93
608 pac 147 org 23 dst 77
611 pac 148 org 52 dst 78
614 pac 149 org 91 dst 57
622 pac 150 org 46 dst 25
625 pac 151 org 44 dst 86
629 pac 152 org 15 dst 31
631 pac 153 org 39 dst 75
636 pac 154 org 16 dst 20
645 pac 155 org 51 dst 79
652 pac 156 org 43 dst 59
657 pac 157 org 68 dst 82
665 pac 158 org 74 dst 77
674 pac 159 org 63 dst 71
678 pac 160 org 9 dst 39
687 pac 161 org 63 dst 23
688 pac 162 org 92 dst 53
694 pac 163 org 70 dst 68
701 pac 164 org 54 dst 13
710 pac 165 org 36 dst 39
717 pac 166 org 49 dst 16
720 pac 167 org 43 dst 52
727 pac 168 org 35 dst 17
728 pac 169 org 44 dst 91
737 pac 170 org 22 dst 37
745 pac 171 org 39 dst 21
750 pac 172 org 15 dst 93
757 pac 173 org 25 dst 9
764 pac 174 org 66 dst 65
769 pac 175 org 77 dst 13
776 pac 176 org 28 dst 4
781 pac 177 org 58 dst 59
782 pac 178 org 52 dst 8
790 pac 179 org 27 dst 0
798 pac 180 org 50 dst 10
805 pac 181 org 37 dst 3
812 pac 182 org 55 dst 60
821 pac 183 org 35 dst 58
825 pac 184 org 72 dst 84
825 pac 185 org 55 dst 5
832 pac 186 org 90 dst 27
839 pac 187 org 79 dst 92
842 pac 188 org 78 dst 9
846 pac 189 org 49 dst 6
855 pac 190 org 77 dst 40
864 pac 191 org 15 dst 70
872 pac 192 org 16 dst 2
875 pac 193 org 43 dst 58
883 pac 194 org 14 dst 25
886 pac 195 org 35 dst 4
886 pac 196 org 65 dst 84
887 pac 197 org 14 dst 22
894 pac 198 org 70 dst 41
900 pac 199 org 18 dst 25
907 pac 200 org 11 dst 88
914 pac 201 org 25 dst 88
917 pac 202 org 40 dst 17
919 pac 203 org 58 dst 30
924 pac 204 org 25 dst 87
932 pac 205 org 14 dst 71
941 pac 206 org 70 dst 8
947 pac 207 org 92 dst 1
956 pac 208 org 0 dst 61
956 pac 209 org 3 dst 93
961 pac 210 org 76 dst 70
970 pac 211 org 37 dst 82
972 pac 212 org 91 dst 74
981 pac 213 org 52 dst 47
990 pac 214 org 52 dst 49
994 pac 215 org 56 dst 38
996 pac 216 org 54 dst 64
1005 pac 217 org 50 dst 23
1006 pac 218 org 79 dst 11
1011 pac 219 org 93 dst 42
1011 pac 220 org 67 dst 58
1019 pac 221 org 21 dst 63
1021 pac 222 org 17 dst 49
1027 pac 223 org 77 dst 31
1033 pac 224 org 74 dst 21
1035 pac 225 org 9 dst 0
1044 pac 226 org 30 dst 53
1045 pac 227 org 22 dst 60
1054 pac 228 org 71 dst 57
1056 pac 229 org 18 dst 19
1057 pac 230 org 13 dst 74
1062 pac 231 org 83 dst 28
1069 pac 232 org 15 dst 10
1076 pac 233 org 13 dst 91
1081 pac 234 org 60 dst 80
1088 pac 235 org 2 dst 58
1090 pac 236 org 39 dst 83
1090 pac 237 org 45 dst 53
1094 pac 238 org 51 dst 35
1099 pac 239 org 18 dst 93
1101 pac 240 org 70 dst 38
1107 pac 241 org 11 dst 35
1113 pac 242 org 87 dst 43
1115 pac 243 org 7 dst 3
1119 pac 244 org 50 dst 4
1121 pac 245 org 82 dst 85
1121 pac 246 org 19 dst 70
1129 pac 247 org 69 dst 20
1137 pac 248 org 34 dst 15
1142 pac 249 org 0 dst 73
1149 pac 250 org 64 dst 30
1153 pac 251 org 15 dst 64
1156 pac 252 org 89 dst 9
1156 pac 253 org 16 dst 4
1160 pac 254 org 9 dst 66
1169 pac 255 org 61 dst 37
1172 pac 256 org 63 dst 58
1180 pac 257 org 22 dst 89
1184 pac 258 org 44 dst 74
1186 pac 259 org 60 dst 68
1195 pac 260 org 67 dst 23
1203 pac 261 org 14 dst 49
1203 pac 262 org 81 dst 31
1212 pac 263 org 56 dst 51
1220 pac 264 org 85 dst 72
1222 pac 265 org 37 dst 13
1224 pac 266 org 92 dst 71
1228 pac 267 org 42 dst 9
1228 pac 268 org 34 dst 19
1237 pac 269 org 90 dst 5
1241 pac 270 org 9 dst 86
1246 pac 271 org 61 dst 71
1249 pac 272 org 29 dst 55
1253 pac 273 org 8 dst 65
1260 pac 274 org 72 dst 64
1267 pac 275 org 6 dst 30
1272 pac 276 org 26 dst 3
1272 pac 277 org 46 dst 58
1280 pac 278 org 55 dst 36
1280 pac 279 org 45 dst 7
1284 pac 280 org 27 dst 38
1284 pac 281 org 60 dst 68
1289 pac 282 org 42 dst 89
1289 pac 283 org 50 dst 12
1297 pac 284 org 60 dst 28
1304 pac 285 org 68 dst 27
1305 pac 286 org 72 dst 11
1307 pac 287 org 52 dst 39
1316 pac 288 org 46 dst 10
1316 pac 289 org 34 dst 10
1324 pac 290 org 58 dst 81
1332 pac 291 org 13 dst 22
1337 pac 292 org 26 dst 68
1341 pac 293 org 31 dst 85
1342 pac 294 org 52 dst 24
1350 pac 295 org 32 dst 22
1359 pac 296 org 73 dst 63
1362 pac 297 org 31 dst 68
1366 pac 298 org 32 dst 38
1366 pac 299 org 43 dst 57
1367 pac 300 org 71 dst 55
1371 pac 301 org 45 dst 29
1374 pac 302 org 31 dst 93
1376 pac 303 org 70 dst 29
1376 pac 304 org 65 dst 49
1378 pac 305 org 31 dst 45
1379 pac 306 org 47 dst 12
1386 pac 307 org 51 dst 37
1389 pac 308 org 25 dst 34
1390 pac 309 org 88 dst 7
1399 pac 310 org 32 dst 59
1401 pac 311 org 37 dst 56
1404 pac 312 org 85 dst 40
1405 pac 313 org 49 dst 8
1407 pac 314 org 51 dst 33
1413 pac 315 org 93 dst 62
1421 pac 316 org 33 dst 93
1425 pac 317 org 67 dst 81
1426 pac 318 org 29 dst 7
1428 pac 319 org 57 dst 50
1436 pac 320 org 53 dst 66
1444 pac 321 org 69 dst 34
1448 pac 322 org 93 dst 42
1457 pac 323 org 29 dst 85
1459 pac 324 org 17 dst 70
1464 pac 325 org 74 dst 15
1464 pac 326 org 72 dst 58
1471 pac 327 org 10 dst 80
1471 pac 328 org 60 dst 21
1473 pac 329 org 15 dst 73
1481 pac 330 org 85 dst 78
1482 pac 331 org 69 dst 12
1489 pac 332 org 92 dst 66
1496 pac 333 org 63 dst 53
1498 pac 334 org 67 dst 83
1504 pac 335 org 90 dst 73
1505 pac 336 org 14 dst 27
1506 pac 337 org 58 dst 23
1515 pac 338 org 42 dst 16
1515 pac 339 org 74 dst 0
1521 pac 340 org 30 dst 63
1528 pac 341 org 7 dst 29
1529 pac 342 org 16 dst 64
1538 pac 343 org 59 dst 11
1545 pac 344 org 78 dst 22
1551 pac 345 org 84 dst 51
1551 pac 346 org 21 dst 35
1558 pac 347 org 56 dst 59
1567 pac 348 org 30 dst 37
1567 pac 349 org 52 dst 9
1576 pac 350 org 1 dst 16
1579 pac 351 org 92 dst 14
1584 pac 352 org 16 dst 52
1589 pac 353 org 17 dst 35
1594 pac 354 org 37 dst 80
1599 pac 355 org 61 dst 70
1607 pac 356 org 35 dst 30
1611 pac 357 org 32 dst 55
1615 pac 358 org 52 dst 83
1623 pac 359 org 79 dst 32
1625 pac 360 org 55 dst 87
1629 pac 361 org 92 dst 85
1632 pac 362 org 51 dst 93
1635 pac 363 org 4 dst 42
1636 pac 364 org 73 dst 84
1643 pac 365 org 67 dst 46
1651 pac 366 org 84 dst 41
1654 pac 367 org 0 dst 65
1657 pac 368 org 51 dst 26
1661 pac 369 org 66 dst 2
1667 pac 370 org 78 dst 61
1671 pac 371 org 72 dst 51
1680 pac 372 org 57 dst 50
1684 pac 373 org 52 dst 10
1693 pac 374 org 29 dst 47
1696 pac 375 org 40 dst 91
1703 pac 376 org 57 dst 3
1711 pac 377 org 73 dst 15
1716 pac 378 org 84 dst 39
1724 pac 379 org 39 dst 86
1727 pac 380 org 40 dst 50
1728 pac 381 org 15 dst 13
1729 pac 382 org 21 dst 45
1730 pac 383 org 56 dst 54
1731 pac 384 org 78 dst 32
1733 pac 385 org 90 dst 89
1737 pac 386 org 18 dst 21
1743 pac 387 org 14 dst 37
1747 pac 388 org 75 dst 50
1755 pac 389 org 88 dst 72
1759 pac 390 org 54 dst 11
1767 pac 391 org 61 dst 31
1771 pac 392 org 67 dst 70
1774 pac 393 org 34 dst 77
1774 pac 394 org 70 dst 85
1779 pac 395 org 19 dst 55
1780 pac 396 org 26 dst 47
1789 pac 397 org 91 dst 64
1794 pac 398 org 71 dst 33
1802 pac 399 org 59 dst 79
1805 pac 400 org 48 dst 91
1809 pac 401 org 85 dst 47
1811 pac 402 org 85 dst 72
1819 pac 403 org 5 dst 22
1821 pac 404 org 40 dst 45
1827 pac 405 org 58 dst 23
1831 pac 406 org 49 dst 52
1831 pac 407 org 30 dst 16
1837 pac 408 org 28 dst 83
1846 pac 409 org 48 dst 55
1852 pac 410 org 50 dst 0
1860 pac 411 org 48 dst 15
1868 pac 412 org 70 dst 52
1871 pac 413 org 71 dst 42
1871 pac 414 org 7 dst 47
1879 pac 415 org 74 dst 15
1887 pac 416 org 1 dst 36
1891 pac 417 org 60 dst 46
1891 pac 418 org 30 dst 6
1891 pac 419 org 7 dst 4
1891 pac 420 org 10 dst 87
1900 pac 421 org 87 dst 32
1906 pac 422 org 68 dst 90
1913 pac 423 org 6 dst 27
1913 pac 424 org 90 dst 92
1921 pac 425 org 80 dst 58
1927 pac 426 org 85 dst 56
1929 pac 427 org 36 dst 80
1936 pac 428 org 70 dst 74
1943 pac 429 org 16 dst 45
1948 pac 430 org 57 dst 64
1952 pac 431 org 72 dst 86
1954 pac 432 org 76 dst 13
1958 pac 433 org 22 dst 91
1963 pac 434 org 12 dst 73
1963 pac 435 org 34 dst 51
1972 pac 436 org 81 dst 61
1980 pac 437 org 69 dst 25
1986 pac 438 org 58 dst 40
1992 pac 439 org 13 dst 58
1995 pac 440 org 93 dst 29
2003 pac 441 org 32 dst 30
2004 pac 442 org 44 dst 29
2012 pac 443 org 24 dst 22
2020 pac 444 org 17 dst 35
2023 pac 445 org 48 dst 21
2024 pac 446 org 33 dst 6
2032 pac 447 org 3 dst 77
2035 pac 448 org 30 dst 54
2038 pac 449 org 46 dst 79
2042 pac 450 org 3 dst 28
2050 pac 451 org 40 dst 58
2052 pac 452 org 51 dst 66
2061 pac 453 org 36 dst 0
2069 pac 454 org 73 dst 91
2069 pac 455 org 41 dst 76
2073 pac 456 org 62 dst 23
2080 pac 457 org 30 dst 8
2084 pac 458 org 23 dst 16
2085 pac 459 org 16 dst 19
2085 pac 460 org 63 dst 49
2094 pac 461 org 71 dst 35
2094 pac 462 org 40 dst 66
2102 pac 463 org 50 dst 5
2110 pac 464 org 71 dst 2
2118 pac 465 org 57 dst 47
2121 pac 466 org 41 dst 35
2130 pac 467 org 80 dst 30
2134 pac 468 org 22 dst 2
2137 pac 469 org 60 dst 44
2142 pac 470 org 64 dst 68
2148 pac 471 org 62 dst 28
2153 pac 472 org 42 dst 26
2155 pac 473 org 14 dst 12
2164 pac 474 org 36 dst 69
2168 pac 475 org 81 dst 25
2177 pac 476 org 10 dst 27
2181 pac 477 org 63 dst 4
2184 pac 478 org 89 dst 41
2185 pac 479 org 0 dst 37
2187 pac 480 org 24 dst 47
2193 pac 481 org 89 dst 62
2202 pac 482 org 3 dst 41
2209 pac 483 org 20 dst 41
2212 pac 484 org 20 dst 32
2213 pac 485 org 88 dst 1
2213 pac 486 org 58 dst 34
2219 pac 487 org 41 dst 57
2228 pac 488 org 87 dst 67
2237 pac 489 org 32 dst 77
2243 pac 490 org 43 dst 85
2247 pac 491 org 30 dst 76
2253 pac 492 org 49 dst 4
2260 pac 493 org 7 dst 5
2263 pac 494 org 29 dst 89
2263 pac 495 org 22 dst 5
2270 pac 496 org 91 dst 21
2271 pac 497 org 18 dst 39
2276 pac 498 org 81 dst 42
2276 pac 499 org 82 dst 15
