5
20
100
1
85
0 0 0 0 0 0 0 0 0 0 0 0 0 0 0 0 0 0 0 0 0 0 0 0 0 0 0 0 0 0 0 0 0 0 0 0 0 0 0 0 0 0 0 0 0 0 0 0 1 0 0 0 0 0 0 0 0 0 0 0 0 0 0 0 1 0 0 0 0 0 0 0 0 0 0 0 0 0 0 0 0 0 0 0 0
0 0 0 0 0 0 0 0 0 0 0 0 0 0 0 0 0 0 0 0 0 0 0 0 0 0 0 0 0 0 0 0 0 0 0 0 0 0 0 0 0 0 0 0 0 0 0 0 0 0 0 0 0 0 0 0 0 0 0 0 0 0 0 0 0 0 0 0 0 0 0 0 0 0 0 0 0 0 0 0 0 1 0 0 0
0 0 0 0 0 0 0 0 0 0 0 0 0 0 0 0 0 0 0 0 0 0 0 0 0 0 1 0 0 0 0 0 0 0 0 0 0 0 0 0 0 0 0 0 0 0 0 0 0 0 0 0 0 0 0 0 0 0 0 0 0 0 0 0 0 0 0 0 0 0 0 0 0 0 0 0 0 0 0 0 0 0 0 0 0
0 0 0 0 0 0 0 0 0 0 0 0 0 0 0 0 0 0 0 0 0 0 0 0 0 0 0 0 0 0 0 0 0 0 0 0 0 0 1 0 0 0 0 0 0 0 0 0 0 0 0 0 0 0 0 0 0 0 0 0 0 0 0 0 0 0 0 0 0 0 0 0 0 0 0 0 0 0 0 0 0 0 0 0 0
0 0 0 0 0 0 0 0 0 0 0 0 0 0 0 0 0 0 0 0 0 0 0 0 0 0 0 0 0 0 0 0 0 0 0 0 0 0 0 0 0 0 0 0 0 0 0 1 0 0 0 0 0 0 0 0 0 0 0 0 0 0 0 0 0 0 0 0 0 0 0 0 0 0 0 0 0 0 0 0 0 0 0 0 0
0 0 0 0 0 0 0 0 0 0 0 1 0 0 0 0 0 0 0 0 0 0 0 0 0 0 0 0 0 0 0 0 0 0 0 0 0 0 0 0 0 0 0 0 0 0 0 0 0 0 0 0 0 0 0 0 0 0 0 0 0 0 0 0 0 0 0 0 0 0 0 0 1 0 0 0 0 0 0 0 0 0 0 0 0
0 0 0 0 0 0 0 0 0 0 0 0 0 0 0 0 0 0 0 0 0 0 0 0 0 0 0 0 0 0 0 0 0 0 0 0 0 0 0 0 0 0 0 0 0 0 0 0 1 0 0 0 0 0 0 0 0 0 0 0 0 0 0 0 0 0 0 0 0 0 0 0 0 0 0 0 0 0 0 0 0 0 0 0 0
0 0 0 0 0 0 0 0 0 0 0 0 0 0 0 0 0 1 0 0 0 0 0 0 0 0 0 0 0 0 1 0 0 0 0 0 0 0 0 0 0 0 0 0 0 0 0 0 0 0 0 0 0 0 0 0 0 0 1 0 0 0 0 0 0 0 0 0 0 0 0 0 0 0 0 0 0 0 0 0 0 0 0 0 0
0 0 0 0 0 0 0 0 0 0 0 0 0 0 0 0 0 0 0 0 0 0 0 0 0 0 0 0 0 0 0 0 0 0 0 0 0 0 0 0 1 0 0 0 0 0 0 0 0 0 0 0 0 0 0 0 0 0 0 0 0 0 0 0 0 0 0 0 0 0 0 0 0 0 0 0 0 0 0 0 0 0 0 0 0
0 0 0 0 0 0 0 0 0 0 0 0 0 0 0 0 0 0 0 0 0 0 0 0 0 0 0 0 0 0 0 0 0 0 0 0 0 0 0 0 0 0 0 0 0 0 0 0 0 0 0 0 0 0 0 0 0 0 0 0 0 0 0 1 0 0 0 0 0 0 0 0 0 0 0 1 0 0 0 0 0 0 0 0 0
0 0 0 0 0 0 0 0 0 0 0 0 0 0 1 0 0 0 0 0 0 0 0 0 0 0 0 0 0 0 0 0 0 0 0 0 0 0 0 0 0 0 0 0 0 0 0 0 0 0 0 0 0 0 0 0 0 0 0 0 0 0 0 1 0 0 0 0 0 0 0 0 0 0 0 0 0 0 0 0 0 0 0 0 0
0 0 0 0 0 1 0 0 0 0 0 0 0 0 0 0 0 0 0 0 0 0 0 0 0 0 0 0 0 0 0 0 0 0 0 0 0 0 0 0 0 0 0 0 0 0 0 0 0 0 0 0 0 0 0 0 0 0 0 0 0 0 0 0 0 0 0 0 1 0 0 0 0 0 0 0 0 0 0 0 0 0 0 0 0
0 0 0 0 0 0 0 0 0 0 0 0 0 0 0 0 0 0 0 0 0 1 0 0 0 0 0 0 0 0 0 0 0 0 0 0 0 0 0 0 0 0 0 0 0 0 0 0 0 0 0 0 0 0 0 0 0 1 0 0 0 0 0 0 0 0 0 0 0 0 0 0 0 0 0 0 0 0 0 0 0 0 0 0 0
0 0 0 0 0 0 0 0 0 0 0 0 0 0 0 0 0 0 0 0 0 0 0 0 0 0 0 0 0 0 0 0 0 0 0 0 0 0 0 0 0 0 0 0 0 0 0 0 0 0 0 0 0 0 0 0 0 0 0 0 0 0 0 0 0 0 0 0 0 0 0 0 0 0 0 0 0 0 0 0 1 0 0 0 0
0 0 0 0 0 0 0 0 0 0 1 0 0 0 0 0 0 0 0 0 0 0 0 0 0 0 0 0 0 0 0 0 0 0 0 0 0 0 0 0 0 0 0 0 0 0 0 0 0 0 0 0 0 0 0 0 0 0 0 0 0 0 0 0 0 0 0 0 0 0 0 0 0 0 0 0 0 0 0 0 0 0 1 0 0
0 0 0 0 0 0 0 0 0 0 0 0 0 0 0 0 0 1 0 0 0 0 0 0 0 0 0 0 0 0 0 0 0 0 0 0 0 0 0 0 0 0 0 0 0 0 0 0 0 0 0 0 0 0 0 0 0 0 0 0 0 0 0 0 0 0 0 0 0 0 0 0 0 0 0 0 0 0 0 0 0 0 0 0 1
0 0 0 0 0 0 0 0 0 0 0 0 0 0 0 0 0 0 0 0 0 0 0 0 0 0 0 0 0 0 0 0 0 0 0 0 0 0 0 0 0 0 0 0 0 0 1 0 0 0 1 0 0 0 0 0 0 0 0 0 0 0 0 0 0 0 0 0 0 0 0 0 0 0 0 0 0 0 0 0 0 0 0 0 0
0 0 0 0 0 0 0 1 0 0 0 0 0 0 0 1 0 0 0 0 0 0 0 0 0 0 0 0 0 0 0 0 0 0 0 0 0 0 0 0 0 0 0 0 0 0 0 0 0 0 0 0 1 0 0 0 0 0 0 0 0 0 0 0 0 0 0 0 0 0 0 0 0 0 0 0 0 0 0 0 0 0 0 0 0
0 0 0 0 0 0 0 0 0 0 0 0 0 0 0 0 0 0 0 0 0 0 0 0 0 0 0 0 0 0 0 0 0 0 0 0 0 0 0 0 0 0 0 0 0 0 0 0 0 1 0 0 0 0 0 0 0 0 0 0 0 0 0 0 0 0 0 0 0 0 0 0 0 0 0 0 0 0 0 0 0 0 0 0 0
0 0 0 0 0 0 0 0 0 0 0 0 0 0 0 0 0 0 0 0 0 0 0 0 0 0 0 0 0 0 0 0 0 0 0 0 0 0 0 0 0 0 0 0 0 0 0 0 0 0 0 0 0 0 0 0 0 0 0 1 0 0 0 0 0 0 0 0 1 0 0 0 0 0 0 0 0 0 0 0 0 0 0 0 0
0 0 0 0 0 0 0 0 0 0 0 0 0 0 0 0 0 0 0 0 0 0 0 0 0 0 0 0 0 0 0 0 0 0 0 0 0 0 0 0 0 1 1 0 0 0 0 0 0 0 0 0 0 0 0 0 0 0 0 0 0 0 0 0 0 0 0 0 0 0 0 1 0 0 0 0 0 0 0 0 0 0 0 0 0
0 0 0 0 0 0 0 0 0 0 0 0 1 0 0 0 0 0 0 0 0 0 0 0 0 0 0 0 0 0 0 0 0 0 0 0 0 0 0 0 0 0 0 0 0 0 0 0 0 0 0 0 0 0 0 0 0 0 0 0 0 0 0 0 0 0 0 0 0 0 0 0 0 0 0 0 0 0 0 0 0 0 0 0 0
0 0 0 0 0 0 0 0 0 0 0 0 0 0 0 0 0 0 0 0 0 0 0 0 0 0 0 0 0 0 0 0 0 0 0 1 0 0 0 0 0 0 0 0 0 0 0 0 0 0 0 0 0 0 0 0 0 0 0 0 0 0 0 0 0 0 0 0 0 0 0 0 0 0 0 0 0 0 0 1 0 1 0 0 0
0 0 0 0 0 0 0 0 0 0 0 0 0 0 0 0 0 0 0 0 0 0 0 0 0 0 0 0 0 0 0 0 0 0 0 0 0 0 0 0 1 0 0 0 0 0 0 0 0 0 0 0 0 0 0 0 0 0 0 1 0 0 0 0 0 0 0 0 0 0 0 0 0 0 0 0 0 0 0 0 0 0 0 0 0
0 0 0 0 0 0 0 0 0 0 0 0 0 0 0 0 0 0 0 0 0 0 0 0 0 0 0 0 0 0 0 0 0 0 0 0 0 0 0 0 0 0 0 0 0 0 0 0 0 0 0 0 0 0 0 0 0 0 0 1 0 1 0 0 0 0 0 0 0 0 0 0 0 0 0 0 0 0 0 0 0 0 0 0 0
0 0 0 0 0 0 0 0 0 0 0 0 0 0 0 0 0 0 0 0 0 0 0 0 0 0 0 0 0 0 0 0 0 0 0 0 0 1 0 0 0 0 0 0 0 0 0 0 0 0 0 0 0 0 1 0 0 0 0 0 0 0 0 0 0 0 0 0 0 0 0 0 0 0 0 0 0 0 0 0 0 0 0 0 0
0 0 1 0 0 0 0 0 0 0 0 0 0 0 0 0 0 0 0 0 0 0 0 0 0 0 0 0 0 0 0 0 0 0 0 0 0 1 0 0 0 0 0 0 0 0 0 0 0 0 0 0 0 0 0 0 0 0 0 0 0 0 0 0 0 0 0 0 0 0 1 0 0 0 0 0 0 0 0 0 0 0 0 0 0
0 0 0 0 0 0 0 0 0 0 0 0 0 0 0 0 0 0 0 0 0 0 0 0 0 0 0 0 0 0 0 0 0 0 0 0 0 0 0 0 0 0 0 0 0 0 0 0 0 0 0 0 0 0 0 0 0 0 0 0 0 0 0 0 0 0 0 0 0 0 0 0 0 0 0 0 0 1 0 0 0 0 0 1 0
0 0 0 0 0 0 0 0 0 0 0 0 0 0 0 0 0 0 0 0 0 0 0 0 0 0 0 0 0 0 0 0 0 0 0 0 0 0 0 0 0 0 0 0 0 0 0 0 0 1 0 0 0 0 0 0 0 0 0 0 0 0 0 0 0 0 0 0 0 0 1 0 0 0 0 0 0 0 0 1 0 0 0 0 0
0 0 0 0 0 0 0 0 0 0 0 0 0 0 0 0 0 0 0 0 0 0 0 0 0 0 0 0 0 0 0 0 0 0 0 0 0 0 0 0 0 0 0 0 0 0 0 0 1 0 0 0 0 0 0 0 0 0 0 0 0 0 0 0 0 0 0 0 0 0 0 0 0 0 0 0 0 0 0 0 0 0 0 0 1
0 0 0 0 0 0 0 1 0 0 0 0 0 0 0 0 0 0 0 0 0 0 0 0 0 0 0 0 0 0 0 0 0 0 0 0 0 0 0 0 0 0 0 0 0 0 0 0 0 0 0 0 0 0 0 0 0 0 0 0 0 0 0 0 0 0 0 0 0 0 0 0 0 0 0 0 0 0 0 0 0 0 0 0 0
0 0 0 0 0 0 0 0 0 0 0 0 0 0 0 0 0 0 0 0 0 0 0 0 0 0 0 0 0 0 0 0 0 0 0 0 0 0 0 0 0 0 0 0 0 0 0 0 0 0 0 1 0 0 0 0 0 0 0 0 0 0 0 1 0 0 0 0 0 0 0 0 0 0 0 0 1 0 0 0 0 0 0 0 0
0 0 0 0 0 0 0 0 0 0 0 0 0 0 0 0 0 0 0 0 0 0 0 0 0 0 0 0 0 0 0 0 0 0 0 0 0 0 0 0 0 0 0 0 0 0 0 0 1 0 0 0 0 0 0 0 0 0 0 0 0 0 0 0 0 0 0 0 0 0 0 0 0 0 0 0 0 0 0 0 0 0 0 0 0
0 0 0 0 0 0 0 0 0 0 0 0 0 0 0 0 0 0 0 0 0 0 0 0 0 0 0 0 0 0 0 0 0 0 0 0 0 0 0 0 0 0 0 0 0 0 0 0 0 0 0 0 0 0 0 0 0 0 0 0 0 0 0 0 0 0 0 1 0 0 0 0 0 0 0 0 1 0 0 0 0 0 0 1 0
0 0 0 0 0 0 0 0 0 0 0 0 0 0 0 0 0 0 0 0 0 0 0 0 0 0 0 0 0 0 0 0 0 0 0 0 0 0 0 0 0 0 0 0 0 0 0 0 0 0 0 0 0 0 0 0 0 0 0 1 0 0 0 0 0 0 0 0 0 0 0 0 0 0 0 0 0 0 0 0 0 0 0 0 0
0 0 0 0 0 0 0 0 0 0 0 0 0 0 0 0 0 0 0 0 0 0 1 0 0 0 0 0 0 0 0 0 0 0 0 0 0 0 0 0 0 0 0 0 0 0 0 0 0 0 0 0 0 0 0 0 0 0 0 0 0 0 0 0 0 0 0 0 0 0 0 0 0 0 0 0 0 0 0 0 0 0 0 0 0
0 0 0 0 0 0 0 0 0 0 0 0 0 0 0 0 0 0 0 0 0 0 0 0 0 0 0 0 0 0 0 0 0 0 0 0 0 0 0 0 0 0 1 0 0 0 0 0 0 0 0 0 0 0 0 0 0 0 0 0 0 0 0 0 0 0 0 0 0 0 0 0 0 0 0 1 0 0 0 0 0 0 0 0 0
0 0 0 0 0 0 0 0 0 0 0 0 0 0 0 0 0 0 0 0 0 0 0 0 0 1 1 0 0 0 0 0 0 0 0 0 0 0 0 0 0 0 0 0 0 0 0 0 0 0 0 0 0 0 0 0 0 0 0 0 0 0 0 0 0 0 0 0 0 0 0 0 0 0 0 0 0 0 0 0 0 0 0 0 0
0 0 0 1 0 0 0 0 0 0 0 0 0 0 0 0 0 0 0 0 0 0 0 0 0 0 0 0 0 0 0 0 0 0 0 0 0 0 0 0 0 0 0 0 0 0 0 0 0 0 0 0 0 0 0 0 0 0 0 0 0 1 0 0 0 0 0 0 0 0 0 0 0 0 0 0 0 0 0 0 0 0 0 0 0
0 0 0 0 0 0 0 0 0 0 0 0 0 0 0 0 0 0 0 0 0 0 0 0 0 0 0 0 0 0 0 0 0 0 0 0 0 0 0 0 0 0 0 0 0 0 0 1 0 0 0 0 0 0 0 0 0 0 0 0 0 0 0 0 0 0 0 0 0 0 0 0 0 0 0 0 0 0 0 0 0 0 0 0 0
0 0 0 0 0 0 0 0 1 0 0 0 0 0 0 0 0 0 0 0 0 0 0 1 0 0 0 0 0 0 0 0 0 0 0 0 0 0 0 0 0 0 0 0 0 0 0 0 0 0 0 0 0 0 0 0 0 0 0 0 0 0 0 0 0 0 0 0 0 0 0 0 0 0 0 0 0 0 0 0 0 0 0 0 0
0 0 0 0 0 0 0 0 0 0 0 0 0 0 0 0 0 0 0 0 1 0 0 0 0 0 0 0 0 0 0 0 0 0 0 0 0 0 0 0 0 0 0 0 0 0 0 0 0 0 0 0 0 0 0 0 0 0 0 0 0 0 0 0 0 0 0 0 0 0 0 0 0 0 0 0 0 0 0 0 0 0 0 0 0
0 0 0 0 0 0 0 0 0 0 0 0 0 0 0 0 0 0 0 0 1 0 0 0 0 0 0 0 0 0 0 0 0 0 0 0 1 0 0 0 0 0 0 0 0 0 0 0 0 0 0 0 0 0 0 0 0 0 0 0 0 0 0 0 0 0 0 0 0 0 0 0 0 1 0 0 0 0 0 0 0 0 0 0 0
0 0 0 0 0 0 0 0 0 0 0 0 0 0 0 0 0 0 0 0 0 0 0 0 0 0 0 0 0 0 0 0 0 0 0 0 0 0 0 0 0 0 0 0 0 0 1 0 1 0 0 0 0 0 0 0 0 0 0 0 0 0 0 0 0 0 0 0 0 0 0 0 0 0 0 0 0 0 0 0 0 0 0 0 0
0 0 0 0 0 0 0 0 0 0 0 0 0 0 0 0 0 0 0 0 0 0 0 0 0 0 0 0 0 0 0 0 0 0 0 0 0 0 0 0 0 0 0 0 0 0 0 0 0 0 0 0 1 0 0 0 0 0 0 0 0 0 0 0 0 0 0 0 0 0 0 0 0 0 0 0 0 0 0 0 0 0 0 0 0
0 0 0 0 0 0 0 0 0 0 0 0 0 0 0 0 0 0 0 0 0 0 0 0 0 0 0 0 0 0 0 0 0 0 0 0 0 0 0 0 0 0 0 0 0 0 0 0 0 0 0 0 0 0 0 1 0 0 0 0 0 0 0 0 0 0 0 0 0 0 0 0 0 0 0 0 0 0 0 0 0 0 0 0 0
0 0 0 0 0 0 0 0 0 0 0 0 0 0 0 0 1 0 0 0 0 0 0 0 0 0 0 0 0 0 0 0 0 0 0 0 0 0 0 0 0 0 0 1 0 0 0 0 0 0 0 0 0 0 0 0 0 0 0 0 0 0 0 0 0 0 0 0 0 0 0 0 0 0 0 0 0 0 0 0 0 0 0 0 0
0 0 0 0 1 0 0 0 0 0 0 0 0 0 0 0 0 0 0 0 0 0 0 0 0 0 0 0 0 0 0 0 0 0 0 0 0 0 0 1 0 0 0 0 0 0 0 0 0 0 0 0 0 0 0 0 0 0 0 0 0 0 0 0 0 0 0 0 0 0 0 0 0 0 0 0 0 0 1 0 1 0 0 0 0
1 0 0 0 0 0 1 0 0 0 0 0 0 0 0 0 0 0 0 0 0 0 0 0 0 0 0 0 0 1 0 0 1 0 0 0 0 0 0 0 0 0 0 1 0 0 0 0 0 0 0 0 0 0 0 0 0 0 0 0 0 0 0 0 0 0 0 0 0 0 0 0 0 0 0 0 0 0 0 0 0 0 0 0 0
0 0 0 0 0 0 0 0 0 0 0 0 0 0 0 0 0 0 1 0 0 0 0 0 0 0 0 0 1 0 0 0 0 0 0 0 0 0 0 0 0 0 0 0 0 0 0 0 0 0 0 0 0 0 0 0 0 0 0 0 0 0 0 0 0 0 0 0 0 0 0 0 0 0 0 0 0 0 0 0 0 0 0 0 0
0 0 0 0 0 0 0 0 0 0 0 0 0 0 0 0 1 0 0 0 0 0 0 0 0 0 0 0 0 0 0 0 0 0 0 0 0 0 0 0 0 0 0 0 0 0 0 0 0 0 0 0 0 0 0 0 0 0 0 0 0 0 1 0 0 0 0 0 0 0 0 0 0 0 0 1 0 0 0 1 0 0 0 0 0
0 0 0 0 0 0 0 0 0 0 0 0 0 0 0 0 0 0 0 0 0 0 0 0 0 0 0 0 0 0 0 1 0 0 0 0 0 0 0 0 0 0 0 0 0 0 0 0 0 0 0 0 0 0 0 0 0 0 0 0 0 0 0 0 0 0 0 0 0 0 0 0 0 0 0 0 0 0 0 0 0 0 0 0 0
0 0 0 0 0 0 0 0 0 0 0 0 0 0 0 0 0 1 0 0 0 0 0 0 0 0 0 0 0 0 0 0 0 0 0 0 0 0 0 0 0 0 0 0 1 0 0 0 0 0 0 0 0 0 0 0 0 0 0 0 0 0 0 0 0 0 0 0 0 0 0 0 0 0 0 0 0 0 0 0 0 0 0 0 0
0 0 0 0 0 0 0 0 0 0 0 0 0 0 0 0 0 0 0 0 0 0 0 0 0 0 0 0 0 0 0 0 0 0 0 0 0 0 0 0 0 0 0 0 0 0 0 0 0 0 0 0 0 0 0 0 0 0 0 0 0 0 0 0 0 0 0 0 0 0 0 0 0 1 0 0 0 0 0 0 0 0 0 0 0
0 0 0 0 0 0 0 0 0 0 0 0 0 0 0 0 0 0 0 0 0 0 0 0 0 1 0 0 0 0 0 0 0 0 0 0 0 0 0 0 0 0 0 0 0 0 0 0 0 0 0 0 0 0 0 0 0 0 0 0 0 0 0 0 0 0 0 0 0 0 0 0 0 0 0 0 0 0 0 0 1 0 0 0 0
0 0 0 0 0 0 0 0 0 0 0 0 0 0 0 0 0 0 0 0 0 0 0 0 0 0 0 0 0 0 0 0 0 0 0 0 0 0 0 0 0 0 0 0 0 1 0 0 0 0 0 0 0 0 0 0 0 0 0 0 0 0 0 0 0 0 0 0 0 1 0 0 0 0 0 0 0 0 0 1 0 0 0 0 0
0 0 0 0 0 0 0 0 0 0 0 0 0 0 0 0 0 0 0 0 0 0 0 0 0 0 0 0 0 0 0 0 0 0 0 0 0 0 0 0 0 0 0 0 0 0 0 0 0 0 0 0 0 0 0 0 0 0 0 1 0 0 0 0 0 0 0 0 0 0 0 0 0 0 0 0 0 0 0 0 0 0 0 0 0
0 0 0 0 0 0 0 0 0 0 0 0 1 0 0 0 0 0 0 0 0 0 0 0 0 0 0 0 0 0 0 0 0 0 0 0 0 0 0 0 0 0 0 0 0 0 0 0 0 0 0 0 0 0 0 0 0 0 0 0 0 0 0 0 1 0 0 0 0 0 0 0 0 0 0 0 0 0 0 0 0 0 0 0 0
0 0 0 0 0 0 0 1 0 0 0 0 0 0 0 0 0 0 0 0 0 0 0 0 0 0 0 0 0 0 0 0 0 0 0 0 0 0 0 0 0 0 0 0 0 0 0 0 0 0 0 0 0 0 0 0 0 0 0 0 0 0 0 0 0 0 1 0 0 0 0 0 0 0 0 0 0 0 0 0 0 0 0 0 0
0 0 0 0 0 0 0 0 0 0 0 0 0 0 0 0 0 0 0 1 0 0 0 1 1 0 0 0 0 0 0 0 0 0 1 0 0 0 0 0 0 0 0 0 0 0 0 0 0 0 0 0 0 0 0 0 1 0 0 0 0 0 0 0 0 0 0 0 0 0 0 0 0 0 1 0 0 0 0 0 0 0 0 1 0
0 0 0 0 0 0 0 0 0 0 0 0 0 0 0 0 0 0 0 0 0 0 0 0 0 0 0 0 0 0 0 0 0 0 0 0 0 0 0 0 0 0 0 0 0 0 0 0 0 0 0 0 0 0 0 0 0 0 0 0 0 0 0 0 0 0 0 0 0 0 0 0 0 0 0 0 0 1 0 0 0 0 0 0 0
0 0 0 0 0 0 0 0 0 0 0 0 0 0 0 0 0 0 0 0 0 0 0 0 1 0 0 0 0 0 0 0 0 0 0 0 0 0 1 0 0 0 0 0 0 0 0 0 0 0 0 0 0 0 0 0 0 0 0 0 0 0 0 0 0 0 0 0 0 0 0 0 0 0 0 0 0 0 0 0 0 0 0 0 0
0 0 0 0 0 0 0 0 0 0 0 0 0 0 0 0 0 0 0 0 0 0 0 0 0 0 0 0 0 0 0 0 0 0 0 0 0 0 0 0 0 0 0 0 0 0 0 0 0 0 1 0 0 0 0 0 0 0 0 0 0 0 0 0 0 0 0 0 0 0 0 0 0 0 0 0 0 0 0 0 0 0 0 0 0
0 0 0 0 0 0 0 0 0 1 1 0 0 0 0 0 0 0 0 0 0 0 0 0 0 0 0 0 0 0 0 1 0 0 0 0 0 0 0 0 0 0 0 0 0 0 0 0 0 0 0 0 0 0 0 0 0 0 0 0 0 0 0 0 0 0 0 0 0 0 0 0 0 0 0 0 0 0 0 0 0 0 0 0 0
1 0 0 0 0 0 0 0 0 0 0 0 0 0 0 0 0 0 0 0 0 0 0 0 0 0 0 0 0 0 0 0 0 0 0 0 0 0 0 0 0 0 0 0 0 0 0 0 0 0 0 0 0 0 0 0 0 1 0 0 0 0 0 0 0 0 0 0 0 0 0 0 0 0 0 0 0 0 0 0 0 0 0 0 0
0 0 0 0 0 0 0 0 0 0 0 0 0 0 0 0 0 0 0 0 0 0 0 0 0 0 0 0 0 0 0 0 0 0 0 0 0 0 0 0 0 0 0 0 0 0 0 0 0 0 0 0 0 0 0 0 0 0 0 0 0 0 0 0 0 0 0 0 0 1 0 0 0 0 0 0 0 0 0 0 0 0 0 0 0
0 0 0 0 0 0 0 0 0 0 0 0 0 0 0 0 0 0 0 0 0 0 0 0 0 0 0 0 0 0 0 0 0 0 0 0 0 0 0 0 0 0 0 0 0 0 0 0 0 0 0 0 0 0 0 0 0 0 1 0 0 0 0 0 0 0 0 0 0 0 0 0 0 0 0 0 0 0 0 0 0 0 0 0 0
0 0 0 0 0 0 0 0 0 0 0 0 0 0 0 0 0 0 0 0 0 0 0 0 0 0 0 0 0 0 0 0 0 1 0 0 0 0 0 0 0 0 0 0 0 0 0 0 0 0 0 0 0 0 0 0 0 0 0 0 0 0 0 0 0 0 0 0 0 0 0 0 0 0 0 0 0 0 0 0 0 0 0 0 0
0 0 0 0 0 0 0 0 0 0 0 1 0 0 0 0 0 0 0 1 0 0 0 0 0 0 0 0 0 0 0 0 0 0 0 0 0 0 0 0 0 0 0 0 0 0 0 0 0 0 0 0 0 0 0 0 0 0 0 0 0 0 0 0 0 0 0 0 0 0 0 0 0 0 0 0 0 0 0 0 0 0 0 0 0
0 0 0 0 0 0 0 0 0 0 0 0 0 0 0 0 0 0 0 0 0 0 0 0 0 0 0 0 0 0 0 0 0 0 0 0 0 0 0 0 0 0 0 0 0 0 0 0 0 0 0 0 0 0 0 1 0 0 0 0 0 0 0 0 0 1 0 0 0 0 0 0 0 0 0 0 0 0 0 0 0 0 0 0 0
0 0 0 0 0 0 0 0 0 0 0 0 0 0 0 0 0 0 0 0 0 0 0 0 0 0 1 0 1 0 0 0 0 0 0 0 0 0 0 0 0 0 0 0 0 0 0 0 0 0 0 0 0 0 0 0 0 0 0 0 0 0 0 0 0 0 0 0 0 0 0 0 0 0 0 0 0 0 0 0 0 0 0 0 0
0 0 0 0 0 0 0 0 0 0 0 0 0 0 0 0 0 0 0 0 1 0 0 0 0 0 0 0 0 0 0 0 0 0 0 0 0 0 0 0 0 0 0 0 0 0 0 0 0 0 0 0 0 0 0 0 0 0 0 0 0 0 0 0 0 0 0 0 0 0 0 0 0 0 0 0 0 0 0 0 0 0 0 0 0
0 0 0 0 0 1 0 0 0 0 0 0 0 0 0 0 0 0 0 0 0 0 0 0 0 0 0 0 0 0 0 0 0 0 0 0 0 0 0 0 0 0 0 0 0 0 0 0 0 0 0 0 0 0 0 0 0 0 0 0 0 0 0 0 0 0 0 0 0 0 0 0 0 0 0 0 0 0 0 0 0 0 0 0 0
0 0 0 0 0 0 0 0 0 0 0 0 0 0 0 0 0 0 0 0 0 0 0 0 0 0 0 0 0 0 0 0 0 0 0 0 0 0 0 0 0 0 1 0 0 0 0 0 0 0 0 0 0 1 0 0 0 0 0 0 0 0 0 0 0 0 0 0 0 0 0 0 0 0 0 0 0 0 0 0 0 0 0 0 0
0 0 0 0 0 0 0 0 0 0 0 0 0 0 0 0 0 0 0 0 0 0 0 0 0 0 0 0 0 0 0 0 0 0 0 0 0 0 0 0 0 0 0 0 0 0 0 0 0 0 0 0 0 0 0 0 0 0 0 1 0 0 0 0 0 0 0 0 0 0 0 0 0 0 0 0 0 0 0 0 0 0 0 0 0
0 0 0 0 0 0 0 0 0 1 0 0 0 0 0 0 0 0 0 0 0 0 0 0 0 0 0 0 0 0 0 0 0 0 0 0 1 0 0 0 0 0 0 0 0 0 0 0 0 0 1 0 0 0 0 0 0 0 0 0 0 0 0 0 0 0 0 0 0 0 0 0 0 0 0 0 0 0 0 0 0 0 0 0 0
0 0 0 0 0 0 0 0 0 0 0 0 0 0 0 0 0 0 0 0 0 0 0 0 0 0 0 0 0 0 0 1 0 1 0 0 0 0 0 0 0 0 0 0 0 0 0 0 0 0 0 0 0 0 0 0 0 0 0 0 0 0 0 0 0 0 0 0 0 0 0 0 0 0 0 0 0 0 0 0 0 0 0 0 0
0 0 0 0 0 0 0 0 0 0 0 0 0 0 0 0 0 0 0 0 0 0 0 0 0 0 0 1 0 0 0 0 0 0 0 0 0 0 0 0 0 0 0 0 0 0 0 0 0 0 0 0 0 0 0 0 0 0 0 0 1 0 0 0 0 0 0 0 0 0 0 0 0 0 0 0 0 0 0 0 0 0 0 0 0
0 0 0 0 0 0 0 0 0 0 0 0 0 0 0 0 0 0 0 0 0 0 0 0 0 0 0 0 0 0 0 0 0 0 0 0 0 0 0 0 0 0 0 0 0 0 0 1 0 0 0 0 0 0 0 0 0 0 0 0 0 0 0 0 0 0 0 0 0 0 0 0 0 0 0 0 0 0 0 0 0 0 0 0 0
0 0 0 0 0 0 0 0 0 0 0 0 0 0 0 0 0 0 0 0 0 0 1 0 0 0 0 0 1 0 0 0 0 0 0 0 0 0 0 0 0 0 0 0 0 0 0 0 0 0 1 0 0 0 0 1 0 0 0 0 0 0 0 0 0 0 0 0 0 0 0 0 0 0 0 0 0 0 0 0 0 0 0 0 0
0 0 0 0 0 0 0 0 0 0 0 0 0 1 0 0 0 0 0 0 0 0 0 0 0 0 0 0 0 0 0 0 0 0 0 0 0 0 0 0 0 0 0 0 0 0 0 1 0 0 0 0 0 0 1 0 0 0 0 0 0 0 0 0 0 0 0 0 0 0 0 0 0 0 0 0 0 0 0 0 0 0 0 0 0
0 1 0 0 0 0 0 0 0 0 0 0 0 0 0 0 0 0 0 0 0 0 1 0 0 0 0 0 0 0 0 0 0 0 0 0 0 0 0 0 0 0 0 0 0 0 0 0 0 0 0 0 0 0 0 0 0 0 0 0 0 0 0 0 0 0 0 0 0 0 0 0 0 0 0 0 0 0 0 0 0 0 0 0 0
0 0 0 0 0 0 0 0 0 0 0 0 0 0 1 0 0 0 0 0 0 0 0 0 0 0 0 0 0 0 0 0 0 0 0 0 0 0 0 0 0 0 0 0 0 0 0 0 0 0 0 0 0 0 0 0 0 0 0 0 0 0 0 0 0 0 0 0 0 0 0 0 0 0 0 0 0 0 0 0 0 0 0 0 0
0 0 0 0 0 0 0 0 0 0 0 0 0 0 0 0 0 0 0 0 0 0 0 0 0 0 0 1 0 0 0 0 0 1 0 0 0 0 0 0 0 0 0 0 0 0 0 0 0 0 0 0 0 0 0 0 0 0 0 1 0 0 0 0 0 0 0 0 0 0 0 0 0 0 0 0 0 0 0 0 0 0 0 0 0
0 0 0 0 0 0 0 0 0 0 0 0 0 0 0 1 0 0 0 0 0 0 0 0 0 0 0 0 0 1 0 0 0 0 0 0 0 0 0 0 0 0 0 0 0 0 0 0 0 0 0 0 0 0 0 0 0 0 0 0 0 0 0 0 0 0 0 0 0 0 0 0 0 0 0 0 0 0 0 0 0 0 0 0 0
500
2 pac 0 org 30 dst 1
11 pac 1 org 36 dst 4
20 pac 2 org 11 dst 18
23 pac 3 org 52 dst 29
30 pac 4 org 45 dst 78
36 pac 5 org 60 dst 44
41 pac 6 org 71 dst 25
47 pac 7 org 75 dst 1
47 pac 8 org 14 dst 3
52 pac 9 org 42 dst 10
59 pac 10 org 11 dst 45
65 pac 11 org 82 dst 31
65 pac 12 org 80 dst 36
68 pac 13 org 35 dst 11
76 pac 14 org 9 dst 37
78 pac 15 org 73 dst 37
80 pac 16 org 21 dst 40
86 pac 17 org 84 dst 34
89 pac 18 org 53 dst 61
92 pac 19 org 84 dst 46
97 pac 20 org 64 dst 38
98 pac 21 org 53 dst 14
105 pac 22 org 1 dst 55
109 pac 23 org 38 dst 42
109 pac 24 org 66 dst 43
113 pac 25 org 84 dst 64
115 pac 26 org 6 dst 1
116 pac 27 org 41 dst 72
123 pac 28 org 13 dst 28
123 pac 29 org 33 dst 30
132 pac 30 org 80 dst 14
133 pac 31 org 51 dst 27
137 pac 32 org 42 dst 82
145 pac 33 org 10 dst 43
147 pac 34 org 54 dst 6
153 pac 35 org 74 dst 66
161 pac 36 org 9 dst 51
169 pac 37 org 74 dst 77
171 pac 38 org 23 dst 51
173 pac 39 org 34 dst 2
178 pac 40 org 66 dst 63
180 pac 41 org 44 dst 30
188 pac 42 org 68 dst 37
195 pac 43 org 19 dst 63
195 pac 44 org 23 dst 80
202 pac 45 org 61 dst 39
209 pac 46 org 38 dst 17
216 pac 47 org 4 dst 39
218 pac 48 org 3 dst 4
218 pac 49 org 33 dst 32
225 pac 50 org 43 dst 12
232 pac 51 org 35 dst 73
239 pac 52 org 40 dst 18
246 pac 53 org 40 dst 42
246 pac 54 org 60 dst 15
252 pac 55 org 41 dst 31
261 pac 56 org 74 dst 61
262 pac 57 org 14 dst 84
269 pac 58 org 44 dst 77
278 pac 59 org 0 dst 37
282 pac 60 org 19 dst 21
285 pac 61 org 39 dst 59
288 pac 62 org 2 dst 44
289 pac 63 org 19 dst 21
291 pac 64 org 29 dst 3
292 pac 65 org 66 dst 48
299 pac 66 org 66 dst 13
303 pac 67 org 63 dst 42
311 pac 68 org 70 dst 30
312 pac 69 org 34 dst 14
318 pac 70 org 13 dst 53
325 pac 71 org 24 dst 2
326 pac 72 org 17 dst 27
327 pac 73 org 54 dst 72
330 pac 74 org 7 dst 72
338 pac 75 org 6 dst 9
339 pac 76 org 72 dst 33
339 pac 77 org 81 dst 13
346 pac 78 org 0 dst 1
352 pac 79 org 59 dst 17
357 pac 80 org 16 dst 57
365 pac 81 org 50 dst 18
366 pac 82 org 44 dst 70
370 pac 83 org 63 dst 20
377 pac 84 org 59 dst 43
381 pac 85 org 45 dst 60
381 pac 86 org 4 dst 36
388 pac 87 org 62 dst 68
393 pac 88 org 76 dst 59
393 pac 89 org 46 dst 31
393 pac 90 org 41 dst 67
393 pac 91 org 18 dst 52
394 pac 92 org 7 dst 55
398 pac 93 org 5 dst 67
404 pac 94 org 78 dst 55
413 pac 95 org 8 dst 74
415 pac 96 org 70 dst 56
420 pac 97 org 82 dst 39
425 pac 98 org 9 dst 5
428 pac 99 org 53 dst 45
437 pac 100 org 0 dst 60
437 pac 101 org 34 dst 76
441 pac 102 org 32 dst 62
445 pac 103 org 26 dst 8
454 pac 104 org 47 dst 76
460 pac 105 org 50 dst 43
463 pac 106 org 34 dst 67
464 pac 107 org 42 dst 17
470 pac 108 org 36 dst 80
474 pac 109 org 84 dst 30
480 pac 110 org 44 dst 13
486 pac 111 org 69 dst 1
489 pac 112 org 15 dst 57
490 pac 113 org 1 dst 9
493 pac 114 org 23 dst 67
493 pac 115 org 15 dst 20
494 pac 116 org 41 dst 61
501 pac 117 org 8 dst 59
508 pac 118 org 76 dst 62
512 pac 119 org 69 dst 54
513 pac 120 org 6 dst 27
513 pac 121 org 3 dst 34
513 pac 122 org 80 dst 51
513 pac 123 org 79 dst 65
514 pac 124 org 74 dst 7
517 pac 125 org 37 dst 12
518 pac 126 org 5 dst 29
521 pac 127 org 47 dst 71
525 pac 128 org 71 dst 81
528 pac 129 org 54 dst 12
536 pac 130 org 17 dst 84
539 pac 131 org 21 dst 69
542 pac 132 org 47 dst 70
545 pac 133 org 82 dst 52
553 pac 134 org 42 dst 22
556 pac 135 org 40 dst 78
560 pac 136 org 13 dst 28
562 pac 137 org 35 dst 68
567 pac 138 org 15 dst 18
576 pac 139 org 46 dst 71
583 pac 140 org 38 dst 54
588 pac 141 org 62 dst 74
596 pac 142 org 67 dst 69
605 pac 143 org 57 dst 64
609 pac 144 org 8 dst 35
618 pac 145 org 57 dst 21
619 pac 146 org 83 dst 48
625 pac 147 org 63 dst 62
632 pac 148 org 49 dst 11
641 pac 149 org 32 dst 35
648 pac 150 org 44 dst 14
651 pac 151 org 38 dst 47
658 pac 152 org 32 dst 15
659 pac 153 org 40 dst 83
668 pac 154 org 20 dst 34
676 pac 155 org 35 dst 19
681 pac 156 org 14 dst 84
688 pac 157 org 22 dst 8
689 pac 158 org 67 dst 70
689 pac 159 org 44 dst 25
695 pac 160 org 67 dst 53
695 pac 161 org 45 dst 47
695 pac 162 org 10 dst 25
696 pac 163 org 73 dst 45
696 pac 164 org 69 dst 33
702 pac 165 org 66 dst 49
708 pac 166 org 62 dst 31
716 pac 167 org 80 dst 65
716 pac 168 org 40 dst 50
718 pac 169 org 3 dst 81
727 pac 170 org 66 dst 71
727 pac 171 org 63 dst 71
727 pac 172 org 26 dst 44
731 pac 173 org 37 dst 70
738 pac 174 org 84 dst 14
738 pac 175 org 79 dst 14
744 pac 176 org 70 dst 39
746 pac 177 org 27 dst 13
746 pac 178 org 70 dst 32
754 pac 179 org 28 dst 59
756 pac 180 org 6 dst 13
760 pac 181 org 14 dst 63
762 pac 182 org 63 dst 16
771 pac 183 org 53 dst 10
780 pac 184 org 62 dst 23
781 pac 185 org 66 dst 36
784 pac 186 org 31 dst 52
793 pac 187 org 24 dst 22
800 pac 188 org 46 dst 13
800 pac 189 org 70 dst 64
800 pac 190 org 77 dst 84
806 pac 191 org 53 dst 0
815 pac 192 org 77 dst 2
822 pac 193 org 0 dst 68
830 pac 194 org 47 dst 33
837 pac 195 org 77 dst 82
842 pac 196 org 24 dst 47
847 pac 197 org 83 dst 47
851 pac 198 org 82 dst 51
857 pac 199 org 34 dst 49
859 pac 200 org 24 dst 45
860 pac 201 org 76 dst 72
864 pac 202 org 10 dst 84
870 pac 203 org 44 dst 60
876 pac 204 org 7 dst 19
881 pac 205 org 76 dst 15
884 pac 206 org 20 dst 69
886 pac 207 org 55 dst 67
886 pac 208 org 54 dst 8
891 pac 209 org 22 dst 27
897 pac 210 org 84 dst 20
903 pac 211 org 10 dst 64
905 pac 212 org 81 dst 16
912 pac 213 org 20 dst 12
915 pac 214 org 15 dst 75
916 pac 215 org 48 dst 14
925 pac 216 org 64 dst 11
933 pac 217 org 67 dst 55
939 pac 218 org 47 dst 2
947 pac 219 org 59 dst 35
952 pac 220 org 22 dst 40
955 pac 221 org 4 dst 46
964 pac 222 org 41 dst 17
968 pac 223 org 46 dst 63
971 pac 224 org 17 dst 10
975 pac 225 org 54 dst 79
975 pac 226 org 56 dst 6
975 pac 227 org 24 dst 45
984 pac 228 org 40 dst 74
991 pac 229 org 19 dst 17
993 pac 230 org 2 dst 62
994 pac 231 org 75 dst 31
1001 pac 232 org 75 dst 0
1004 pac 233 org 45 dst 57
1010 pac 234 org 60 dst 14
1011 pac 235 org 41 dst 80
1011 pac 236 org 32 dst 15
1018 pac 237 org 3 dst 8
1021 pac 238 org 40 dst 55
1027 pac 239 org 77 dst 57
1036 pac 240 org 28 dst 20
1043 pac 241 org 70 dst 40
1050 pac 242 org 40 dst 54
1052 pac 243 org 21 dst 60
1057 pac 244 org 79 dst 12
1063 pac 245 org 28 dst 6
1072 pac 246 org 46 dst 79
1075 pac 247 org 65 dst 72
1084 pac 248 org 12 dst 19
1088 pac 249 org 64 dst 20
1091 pac 250 org 9 dst 36
1100 pac 251 org 17 dst 8
1100 pac 252 org 4 dst 76
1106 pac 253 org 78 dst 37
1109 pac 254 org 65 dst 45
1109 pac 255 org 50 dst 28
1116 pac 256 org 59 dst 39
1116 pac 257 org 58 dst 61
1118 pac 258 org 27 dst 64
1122 pac 259 org 2 dst 45
1127 pac 260 org 52 dst 2
1131 pac 261 org 33 dst 75
1133 pac 262 org 6 dst 3
1139 pac 263 org 34 dst 42
1143 pac 264 org 61 dst 2
1148 pac 265 org 80 dst 46
1154 pac 266 org 11 dst 6
1161 pac 267 org 25 dst 71
1168 pac 268 org 24 dst 62
1173 pac 269 org 10 dst 13
1177 pac 270 org 35 dst 21
1180 pac 271 org 9 dst 83
1186 pac 272 org 9 dst 4
1194 pac 273 org 12 dst 20
1199 pac 274 org 24 dst 61
1203 pac 275 org 28 dst 77
1204 pac 276 org 47 dst 22
1212 pac 277 org 29 dst 20
1221 pac 278 org 66 dst 57
1224 pac 279 org 28 dst 61
1228 pac 280 org 29 dst 34
1228 pac 281 org 39 dst 52
1229 pac 282 org 64 dst 50
1233 pac 283 org 41 dst 26
1236 pac 284 org 28 dst 84
1238 pac 285 org 63 dst 26
1238 pac 286 org 59 dst 44
1240 pac 287 org 28 dst 41
1241 pac 288 org 42 dst 11
1248 pac 289 org 46 dst 33
1251 pac 290 org 22 dst 31
1252 pac 291 org 80 dst 6
1261 pac 292 org 29 dst 53
1263 pac 293 org 33 dst 51
1266 pac 294 org 77 dst 36
1267 pac 295 org 44 dst 7
1269 pac 296 org 46 dst 30
1275 pac 297 org 84 dst 56
1283 pac 298 org 29 dst 84
1287 pac 299 org 61 dst 73
1288 pac 300 org 26 dst 7
1290 pac 301 org 52 dst 45
1298 pac 302 org 48 dst 60
1306 pac 303 org 62 dst 31
1310 pac 304 org 84 dst 38
1319 pac 305 org 26 dst 77
1321 pac 306 org 15 dst 63
1326 pac 307 org 67 dst 13
1326 pac 308 org 65 dst 52
1333 pac 309 org 9 dst 72
1333 pac 310 org 54 dst 19
1335 pac 311 org 14 dst 66
1343 pac 312 org 77 dst 70
1344 pac 313 org 63 dst 11
1351 pac 314 org 83 dst 59
1358 pac 315 org 57 dst 48
1360 pac 316 org 61 dst 75
1366 pac 317 org 81 dst 66
1367 pac 318 org 13 dst 25
1368 pac 319 org 52 dst 21
1377 pac 320 org 38 dst 14
1377 pac 321 org 67 dst 0
1383 pac 322 org 27 dst 57
1390 pac 323 org 6 dst 26
1391 pac 324 org 14 dst 58
1400 pac 325 org 54 dst 10
1407 pac 326 org 71 dst 20
1413 pac 327 org 76 dst 46
1413 pac 328 org 19 dst 31
1420 pac 329 org 51 dst 53
1429 pac 330 org 27 dst 33
1429 pac 331 org 47 dst 8
1438 pac 332 org 1 dst 14
1441 pac 333 org 83 dst 13
1446 pac 334 org 15 dst 47
1451 pac 335 org 15 dst 31
1456 pac 336 org 33 dst 73
1461 pac 337 org 55 dst 63
1469 pac 338 org 32 dst 27
1473 pac 339 org 29 dst 50
1477 pac 340 org 47 dst 75
1485 pac 341 org 71 dst 29
1487 pac 342 org 50 dst 79
1491 pac 343 org 83 dst 77
1494 pac 344 org 46 dst 84
1497 pac 345 org 4 dst 38
1498 pac 346 org 66 dst 76
1505 pac 347 org 60 dst 42
1513 pac 348 org 76 dst 37
1516 pac 349 org 0 dst 59
1519 pac 350 org 46 dst 24
1523 pac 351 org 59 dst 2
1529 pac 352 org 70 dst 55
1533 pac 353 org 65 dst 46
1542 pac 354 org 52 dst 45
1546 pac 355 org 47 dst 9
1555 pac 356 org 26 dst 43
1558 pac 357 org 36 dst 82
1565 pac 358 org 51 dst 3
1573 pac 359 org 66 dst 14
1578 pac 360 org 76 dst 35
1586 pac 361 org 35 dst 77
1589 pac 362 org 36 dst 45
1590 pac 363 org 13 dst 12
1591 pac 364 org 19 dst 41
1592 pac 365 org 50 dst 49
1593 pac 366 org 70 dst 29
1595 pac 367 org 82 dst 80
1599 pac 368 org 17 dst 19
1605 pac 369 org 13 dst 33
1609 pac 370 org 67 dst 45
1617 pac 371 org 80 dst 65
1621 pac 372 org 48 dst 10
1629 pac 373 org 55 dst 28
1633 pac 374 org 61 dst 63
1636 pac 375 org 30 dst 69
1636 pac 376 org 63 dst 77
1641 pac 377 org 17 dst 50
1642 pac 378 org 23 dst 43
1651 pac 379 org 82 dst 57
1656 pac 380 org 64 dst 30
1664 pac 381 org 53 dst 72
1667 pac 382 org 44 dst 82
1671 pac 383 org 77 dst 43
1673 pac 384 org 76 dst 65
1681 pac 385 org 5 dst 20
1683 pac 386 org 36 dst 41
1689 pac 387 org 52 dst 20
1693 pac 388 org 44 dst 47
1693 pac 389 org 27 dst 14
1699 pac 390 org 25 dst 75
1708 pac 391 org 43 dst 50
1714 pac 392 org 45 dst 0
1722 pac 393 org 43 dst 13
1730 pac 394 org 63 dst 47
1733 pac 395 org 65 dst 38
1733 pac 396 org 6 dst 43
1741 pac 397 org 66 dst 14
1749 pac 398 org 1 dst 32
1753 pac 399 org 54 dst 42
1753 pac 400 org 27 dst 6
1753 pac 401 org 7 dst 4
1753 pac 402 org 9 dst 79
1762 pac 403 org 79 dst 29
1768 pac 404 org 62 dst 81
1775 pac 405 org 5 dst 24
1775 pac 406 org 81 dst 83
1783 pac 407 org 72 dst 53
1789 pac 408 org 77 dst 51
1791 pac 409 org 33 dst 73
1798 pac 410 org 63 dst 67
1805 pac 411 org 15 dst 40
1810 pac 412 org 52 dst 58
1814 pac 413 org 66 dst 77
1816 pac 414 org 68 dst 11
1820 pac 415 org 19 dst 82
1825 pac 416 org 11 dst 66
1825 pac 417 org 31 dst 46
1834 pac 418 org 73 dst 55
1842 pac 419 org 63 dst 22
1848 pac 420 org 53 dst 36
1854 pac 421 org 11 dst 53
1857 pac 422 org 84 dst 26
1865 pac 423 org 29 dst 27
1866 pac 424 org 40 dst 26
1874 pac 425 org 22 dst 20
1882 pac 426 org 16 dst 32
1885 pac 427 org 43 dst 19
1886 pac 428 org 30 dst 5
1894 pac 429 org 3 dst 70
1897 pac 430 org 27 dst 49
1900 pac 431 org 41 dst 72
1904 pac 432 org 3 dst 25
1912 pac 433 org 36 dst 52
1914 pac 434 org 46 dst 60
1923 pac 435 org 33 dst 0
1931 pac 436 org 66 dst 82
1931 pac 437 org 37 dst 69
1935 pac 438 org 56 dst 21
1942 pac 439 org 27 dst 8
1946 pac 440 org 20 dst 15
1947 pac 441 org 14 dst 17
1947 pac 442 org 57 dst 44
1956 pac 443 org 65 dst 31
1956 pac 444 org 36 dst 59
1964 pac 445 org 45 dst 4
1972 pac 446 org 64 dst 2
1980 pac 447 org 51 dst 42
1983 pac 448 org 37 dst 31
1992 pac 449 org 72 dst 27
1996 pac 450 org 20 dst 2
1999 pac 451 org 54 dst 39
2004 pac 452 org 58 dst 61
2010 pac 453 org 56 dst 26
2015 pac 454 org 38 dst 23
2017 pac 455 org 13 dst 11
2026 pac 456 org 32 dst 62
2030 pac 457 org 73 dst 22
2039 pac 458 org 9 dst 25
2043 pac 459 org 57 dst 4
2046 pac 460 org 81 dst 37
2047 pac 461 org 0 dst 33
2049 pac 462 org 21 dst 43
2055 pac 463 org 80 dst 56
2064 pac 464 org 3 dst 37
2071 pac 465 org 18 dst 37
2074 pac 466 org 18 dst 29
2075 pac 467 org 80 dst 1
2075 pac 468 org 52 dst 31
2081 pac 469 org 37 dst 52
2090 pac 470 org 79 dst 61
2099 pac 471 org 28 dst 70
2105 pac 472 org 39 dst 77
2109 pac 473 org 27 dst 69
2115 pac 474 org 44 dst 4
2122 pac 475 org 6 dst 4
2125 pac 476 org 26 dst 80
2125 pac 477 org 20 dst 4
2132 pac 478 org 82 dst 19
2133 pac 479 org 17 dst 35
2138 pac 480 org 73 dst 38
2138 pac 481 org 74 dst 13
2138 pac 482 org 61 dst 12
2146 pac 483 org 2 dst 54
2155 pac 484 org 43 dst 65
2159 pac 485 org 44 dst 66
2161 pac 486 org 71 dst 67
2163 pac 487 org 16 dst 53
2170 pac 488 org 68 dst 82
2173 pac 489 org 23 dst 37
2179 pac 490 org 75 dst 35
2182 pac 491 org 16 dst 59
2182 pac 492 org 54 dst 9
2188 pac 493 org 27 dst 60
2189 pac 494 org 66 dst 45
2198 pac 495 org 47 dst 49
2207 pac 496 org 1 dst 74
2212 pac 497 org 4 dst 52
2215 pac 498 org 55 dst 76
2219 pac 499 org 45 dst 22
