5
20
100
1
76
0 0 0 0 0 0 0 0 0 0 0 0 0 0 0 0 0 0 0 0 0 0 0 0 0 0 0 0 0 0 0 0 0 0 0 0 0 0 0 0 0 0 1 1 0 0 0 0 0 0 0 0 0 0 0 0 0 0 0 0 0 0 0 0 0 0 0 0 0 0 0 0 0 1 0 0
0 0 0 0 0 0 0 0 0 0 0 0 0 0 0 0 0 0 0 0 0 0 0 0 0 0 0 0 0 0 0 0 0 0 0 0 0 0 0 1 0 0 0 0 0 0 0 0 0 0 0 0 0 0 0 0 0 0 0 0 0 0 0 0 0 0 0 0 0 0 0 0 0 0 0 0
0 0 0 0 0 0 0 0 0 0 0 0 0 0 0 0 0 0 0 0 0 0 0 1 0 0 0 0 0 0 0 0 0 0 0 0 0 0 0 0 0 0 0 0 0 0 0 0 0 0 0 0 0 0 0 0 0 0 0 0 0 0 0 0 0 0 0 0 0 0 0 0 0 0 0 0
0 0 0 0 0 0 0 0 0 0 0 0 0 0 0 0 0 0 0 0 0 0 0 0 0 0 0 0 0 0 0 0 0 0 1 0 0 0 0 0 0 0 0 0 0 0 0 0 0 0 0 0 0 0 0 0 0 0 0 0 0 0 0 0 0 0 0 0 0 0 0 0 0 0 0 0
0 0 0 0 0 0 0 0 0 0 1 0 0 0 0 0 0 0 0 0 0 0 0 0 0 0 0 0 0 0 0 0 0 0 0 0 0 0 0 0 0 0 0 0 0 0 0 0 0 0 0 0 0 0 0 0 0 0 0 0 0 0 0 0 1 0 0 0 0 0 0 0 0 0 0 0
0 0 0 0 0 0 0 0 0 0 0 0 0 0 0 0 0 0 0 0 0 0 0 0 1 0 0 0 0 0 0 0 0 0 0 0 0 0 0 0 0 0 0 0 0 0 0 0 0 0 0 0 0 0 0 0 0 0 0 0 0 0 0 0 0 0 0 0 0 0 0 0 0 0 0 0
0 0 0 0 0 0 0 0 0 0 0 0 0 0 0 1 0 0 0 0 0 0 0 0 0 0 0 0 0 0 0 0 0 0 0 0 0 0 0 0 0 0 0 1 0 0 0 0 0 0 0 0 0 0 0 0 0 0 0 0 0 0 0 0 0 0 0 0 0 0 0 0 0 0 0 0
0 0 0 0 0 0 0 0 0 0 0 0 0 0 0 0 0 0 0 0 0 0 0 0 0 0 0 0 0 0 0 0 0 0 0 0 1 0 0 0 0 0 0 0 0 0 0 0 0 0 0 0 0 0 0 0 0 0 0 0 0 0 0 0 0 0 0 0 0 0 0 0 0 0 0 0
0 0 0 0 0 0 0 0 0 0 0 0 0 0 0 0 0 0 0 0 0 0 0 0 0 0 0 0 0 0 0 0 0 0 0 0 0 0 0 0 0 0 0 0 0 0 0 0 0 0 0 0 0 0 0 0 0 1 0 0 0 0 0 0 0 0 0 1 0 0 0 0 0 0 0 0
0 0 0 0 0 0 0 0 0 0 0 0 1 0 0 0 0 0 0 0 0 0 0 0 0 0 0 0 0 0 0 0 0 0 0 0 0 0 0 0 0 0 0 0 0 0 0 0 0 0 0 0 0 0 0 0 1 0 0 0 0 0 0 0 0 0 0 0 0 0 0 0 0 0 0 0
0 0 0 0 1 0 0 0 0 0 0 0 0 0 0 0 0 0 0 0 0 0 0 0 0 0 0 0 0 0 0 0 0 0 0 0 0 0 0 0 0 0 0 0 0 0 0 0 0 0 0 0 0 0 0 0 0 0 0 0 0 1 0 0 0 0 0 0 0 0 0 0 0 0 0 0
0 0 0 0 0 0 0 0 0 0 0 0 0 0 0 0 0 0 0 0 0 0 0 0 0 0 0 0 0 0 0 0 0 0 0 0 0 0 0 0 0 0 0 0 0 0 0 0 0 0 0 1 0 0 0 0 0 0 0 0 0 0 0 0 0 0 0 0 0 0 0 0 1 0 0 0
0 0 0 0 0 0 0 0 0 1 0 0 0 0 0 0 0 0 0 0 0 0 0 0 0 0 0 0 0 0 0 0 0 0 0 0 0 0 0 0 0 0 0 0 0 0 0 0 0 0 0 0 0 0 0 0 0 0 0 0 0 0 0 0 0 0 0 0 0 0 0 0 0 0 0 0
0 0 0 0 0 0 0 0 0 0 0 0 0 0 0 1 0 0 0 0 0 0 0 0 0 0 0 0 0 0 0 0 0 0 0 0 0 0 0 0 0 0 0 0 0 0 0 0 0 0 0 0 0 0 0 0 0 0 0 0 0 0 0 0 0 0 0 0 0 0 0 0 0 0 0 0
0 0 0 0 0 0 0 0 0 0 0 0 0 0 0 0 0 0 0 0 0 0 0 0 0 0 0 0 0 0 0 0 0 0 0 0 0 0 0 0 0 0 0 0 0 1 0 0 0 0 0 0 0 0 0 0 0 0 0 0 0 0 0 0 0 0 0 0 0 0 0 0 0 0 0 1
0 0 0 0 0 0 1 0 0 0 0 0 0 1 0 0 0 0 0 0 0 0 0 0 0 0 0 0 0 0 0 0 0 0 0 0 0 0 0 0 0 0 0 0 0 0 0 0 0 0 0 0 0 0 0 0 0 0 0 0 0 0 0 0 0 0 0 0 0 0 0 0 0 0 0 0
0 0 0 0 0 0 0 0 0 0 0 0 0 0 0 0 0 0 0 0 0 0 0 0 0 0 0 0 0 0 0 1 0 0 0 0 0 0 0 1 0 0 0 0 1 0 0 1 0 0 0 0 0 0 0 0 0 0 0 0 0 0 0 0 0 0 0 0 0 0 0 0 0 0 0 0
0 0 0 0 0 0 0 0 0 0 0 0 0 0 0 0 0 0 0 0 0 0 0 0 0 0 1 0 0 0 0 0 0 0 0 0 0 0 0 0 0 0 0 0 0 0 0 0 0 0 0 0 1 0 0 0 0 0 0 0 1 0 0 0 0 0 0 0 0 0 0 0 0 0 0 0
0 0 0 0 0 0 0 0 0 0 0 0 0 0 0 0 0 0 0 0 0 0 0 0 0 0 0 0 0 0 0 0 0 0 0 0 0 1 0 0 0 0 0 0 0 0 0 0 0 0 0 0 0 0 0 0 0 0 0 0 0 0 0 0 0 0 0 0 0 1 0 0 0 0 0 0
0 0 0 0 0 0 0 0 0 0 0 0 0 0 0 0 0 0 0 0 0 0 0 0 0 0 0 0 0 0 0 0 0 0 0 0 0 0 0 0 0 0 0 0 0 0 0 0 0 0 0 0 0 0 0 0 0 0 0 0 0 0 0 0 0 0 0 0 0 0 0 1 0 0 0 0
0 0 0 0 0 0 0 0 0 0 0 0 0 0 0 0 0 0 0 0 0 0 0 0 0 0 0 0 0 0 0 1 0 0 0 0 1 0 0 0 0 0 0 0 0 0 0 0 0 0 0 0 0 0 0 0 0 0 0 0 0 0 0 0 0 0 0 0 0 0 0 0 1 0 0 0
0 0 0 0 0 0 0 0 0 0 0 0 0 0 0 0 0 0 0 0 0 0 0 0 0 0 0 0 0 0 0 0 0 0 0 0 0 0 0 0 0 0 0 0 0 0 0 0 0 0 0 0 0 1 0 0 0 0 0 0 0 0 0 0 0 0 0 0 0 0 0 0 0 0 0 0
0 0 0 0 0 0 0 0 0 0 0 0 0 0 0 0 0 0 0 0 0 0 0 0 0 0 0 0 0 0 0 0 0 1 0 0 0 0 0 0 0 0 0 0 0 0 0 0 0 1 0 0 0 0 0 0 0 0 0 0 0 0 0 0 0 0 0 0 0 0 0 0 0 0 0 0
0 0 1 0 0 0 0 0 0 0 0 0 0 0 0 0 0 0 0 0 0 0 0 0 0 0 0 0 0 0 0 0 0 1 0 0 0 0 0 0 0 0 0 0 0 0 0 0 0 0 0 0 0 0 0 0 0 0 0 0 0 0 1 0 0 0 0 0 0 0 0 0 0 0 0 0
0 0 0 0 0 1 0 0 0 0 0 0 0 0 0 0 0 0 0 0 0 0 0 0 0 0 0 0 0 0 0 0 0 0 0 0 0 0 0 0 0 0 0 0 0 0 0 0 0 0 0 0 0 0 0 0 0 0 0 0 0 0 0 0 0 0 0 0 0 0 0 0 0 0 1 0
0 0 0 0 0 0 0 0 0 0 0 0 0 0 0 0 0 0 0 0 0 0 0 0 0 0 0 0 0 0 0 0 0 0 0 0 0 0 0 0 0 0 0 0 1 0 0 0 0 0 0 0 0 0 0 0 0 0 0 0 0 0 0 1 0 0 0 0 0 1 1 0 0 0 0 0
0 0 0 0 0 0 0 0 0 0 0 0 0 0 0 0 0 1 0 0 0 0 0 0 0 0 0 0 0 0 0 0 0 0 0 0 0 0 0 0 0 0 0 1 0 0 0 0 0 0 0 0 0 0 0 0 0 0 0 0 0 0 0 0 0 0 0 0 0 0 0 0 0 0 0 0
0 0 0 0 0 0 0 0 0 0 0 0 0 0 0 0 0 0 0 0 0 0 0 0 0 0 0 0 0 0 0 0 0 0 0 0 0 0 0 0 0 0 0 0 0 0 0 0 0 0 0 0 0 0 0 0 1 1 0 0 0 0 0 0 0 0 0 0 0 0 0 0 0 0 0 0
0 0 0 0 0 0 0 0 0 0 0 0 0 0 0 0 0 0 0 0 0 0 0 0 0 0 0 0 0 0 0 0 0 0 0 0 0 0 0 0 0 0 1 0 0 0 1 0 0 0 0 0 0 0 0 0 0 0 0 0 0 0 0 0 0 0 0 0 1 0 0 0 0 0 0 0
0 0 0 0 0 0 0 0 0 0 0 0 0 0 0 0 0 0 0 0 0 0 0 0 0 0 0 0 0 0 0 0 0 0 0 0 0 0 0 0 0 0 0 0 0 0 0 0 0 0 0 0 0 0 0 0 0 0 0 0 0 0 0 0 0 0 0 0 1 0 0 0 0 0 0 1
0 0 0 0 0 0 0 0 0 0 0 0 0 0 0 0 0 0 0 0 0 0 0 0 0 0 0 0 0 0 0 0 0 0 0 0 0 0 0 0 0 0 0 0 0 0 0 0 0 0 0 0 1 0 0 0 0 0 0 1 0 0 0 0 0 0 0 0 0 0 0 0 0 0 0 0
0 0 0 0 0 0 0 0 0 0 0 0 0 0 0 0 1 0 0 0 1 0 0 0 0 0 0 0 0 0 0 0 0 0 0 0 0 0 0 0 0 0 0 0 0 0 0 0 0 0 0 0 0 0 0 0 0 0 0 0 0 0 0 0 0 0 0 0 0 0 0 0 0 0 0 0
0 0 0 0 0 0 0 0 0 0 0 0 0 0 0 0 0 0 0 0 0 0 0 0 0 0 0 0 0 0 0 0 0 0 0 0 0 0 1 0 0 0 0 0 0 0 0 0 0 0 0 0 0 0 0 0 0 0 0 0 0 0 0 0 0 0 0 0 0 0 0 0 0 0 0 0
0 0 0 0 0 0 0 0 0 0 0 0 0 0 0 0 0 0 0 0 0 0 1 1 0 0 0 0 0 0 0 0 0 0 0 0 0 0 0 0 0 0 0 0 0 0 0 0 0 0 0 0 0 0 0 0 0 0 0 0 0 0 0 0 0 0 0 0 0 0 0 0 0 0 0 0
0 0 0 1 0 0 0 0 0 0 0 0 0 0 0 0 0 0 0 0 0 0 0 0 0 0 0 0 0 0 0 0 0 0 0 0 0 0 0 0 0 0 0 0 0 0 0 0 0 0 0 0 0 0 1 0 0 0 0 0 0 0 0 0 0 0 0 0 0 0 0 0 0 0 0 0
0 0 0 0 0 0 0 0 0 0 0 0 0 0 0 0 0 0 0 0 0 0 0 0 0 0 0 0 0 0 0 0 0 0 0 0 0 0 0 0 0 0 1 0 0 0 0 0 0 0 0 0 0 0 0 0 0 0 0 0 0 0 0 0 0 0 0 0 0 0 0 0 0 0 0 0
0 0 0 0 0 0 0 1 0 0 0 0 0 0 0 0 0 0 0 0 1 0 0 0 0 0 0 0 0 0 0 0 0 0 0 0 0 0 0 0 0 0 0 0 0 0 0 0 0 0 0 0 0 0 0 0 0 0 0 0 0 0 0 0 0 0 0 0 0 0 0 0 0 0 0 0
0 0 0 0 0 0 0 0 0 0 0 0 0 0 0 0 0 0 1 0 0 0 0 0 0 0 0 0 0 0 0 0 0 0 0 0 0 0 0 0 0 0 0 0 0 0 0 0 0 0 0 0 0 0 0 0 0 0 0 0 0 0 0 0 0 0 0 0 0 0 0 0 0 0 0 0
0 0 0 0 0 0 0 0 0 0 0 0 0 0 0 0 0 0 0 0 0 0 0 0 0 0 0 0 0 0 0 0 1 0 0 0 0 0 0 0 0 1 0 1 0 0 0 0 0 0 0 0 0 0 0 0 0 0 0 0 0 0 0 0 0 0 0 0 0 0 0 0 0 0 0 0
0 1 0 0 0 0 0 0 0 0 0 0 0 0 0 0 1 0 0 0 0 0 0 0 0 0 0 0 0 0 0 0 0 0 0 0 0 0 0 0 0 0 0 0 0 0 0 0 0 0 0 0 0 0 0 0 0 0 0 0 0 0 0 0 0 0 0 0 0 0 0 0 0 0 0 0
0 0 0 0 0 0 0 0 0 0 0 0 0 0 0 0 0 0 0 0 0 0 0 0 0 0 0 0 0 0 0 0 0 0 0 0 0 0 0 0 0 0 0 1 0 0 0 0 0 0 0 0 0 0 0 0 0 0 0 0 0 0 0 0 0 0 0 0 0 0 0 0 0 0 0 0
0 0 0 0 0 0 0 0 0 0 0 0 0 0 0 0 0 0 0 0 0 0 0 0 0 0 0 0 0 0 0 0 0 0 0 0 0 0 1 0 0 0 0 0 0 0 0 0 0 1 0 0 0 0 0 0 0 0 0 0 0 0 0 0 0 0 0 0 0 0 0 0 0 0 0 0
1 0 0 0 0 0 0 0 0 0 0 0 0 0 0 0 0 0 0 0 0 0 0 0 0 0 0 0 1 0 0 0 0 0 0 1 0 0 0 0 0 0 0 0 0 0 0 0 0 0 0 0 0 0 0 0 0 0 0 0 0 0 0 0 0 0 0 0 0 0 0 0 0 0 0 0
1 0 0 0 0 0 1 0 0 0 0 0 0 0 0 0 0 0 0 0 0 0 0 0 0 0 1 0 0 0 0 0 0 0 0 0 0 0 1 0 1 0 0 0 0 0 0 0 0 0 0 0 0 0 0 0 0 0 0 0 0 0 0 0 0 0 0 0 0 0 0 0 0 0 1 0
0 0 0 0 0 0 0 0 0 0 0 0 0 0 0 0 1 0 0 0 0 0 0 0 0 1 0 0 0 0 0 0 0 0 0 0 0 0 0 0 0 0 0 0 0 0 0 0 0 0 0 0 0 0 0 0 0 0 0 0 0 0 0 0 0 0 0 0 0 0 0 0 0 0 0 0
0 0 0 0 0 0 0 0 0 0 0 0 0 0 1 0 0 0 0 0 0 0 0 0 0 0 0 0 0 0 0 0 0 0 0 0 0 0 0 0 0 0 0 0 0 0 0 0 0 0 0 0 0 0 0 0 0 0 0 0 0 0 0 0 0 0 0 1 0 0 1 0 0 0 0 0
0 0 0 0 0 0 0 0 0 0 0 0 0 0 0 0 0 0 0 0 0 0 0 0 0 0 0 0 1 0 0 0 0 0 0 0 0 0 0 0 0 0 0 0 0 0 0 0 0 0 0 0 0 0 0 0 0 0 0 0 0 0 0 0 0 0 0 0 0 0 0 0 0 0 0 0
0 0 0 0 0 0 0 0 0 0 0 0 0 0 0 0 1 0 0 0 0 0 0 0 0 0 0 0 0 0 0 0 0 0 0 0 0 0 0 0 0 0 0 0 0 0 0 0 0 0 0 0 0 0 0 0 0 0 0 0 0 0 0 0 0 1 0 0 0 0 0 0 0 0 0 0
0 0 0 0 0 0 0 0 0 0 0 0 0 0 0 0 0 0 0 0 0 0 0 0 0 0 0 0 0 0 0 0 0 0 0 0 0 0 0 0 0 0 0 0 0 0 0 0 0 0 0 0 0 0 0 0 0 0 0 0 0 0 0 0 0 0 0 0 0 0 0 1 0 0 0 0
0 0 0 0 0 0 0 0 0 0 0 0 0 0 0 0 0 0 0 0 0 0 1 0 0 0 0 0 0 0 0 0 0 0 0 0 0 0 0 0 0 1 0 0 0 0 0 0 0 0 0 0 0 0 0 0 0 0 0 0 0 1 0 0 0 0 0 0 0 0 0 0 0 0 0 0
0 0 0 0 0 0 0 0 0 0 0 0 0 0 0 0 0 0 0 0 0 0 0 0 0 0 0 0 0 0 0 0 0 0 0 0 0 0 0 0 0 0 0 0 0 0 0 0 0 0 0 0 0 1 0 1 0 1 0 0 0 0 0 0 0 0 0 0 0 0 0 1 0 0 0 0
0 0 0 0 0 0 0 0 0 0 0 1 0 0 0 0 0 0 0 0 0 0 0 0 0 0 0 0 0 0 0 0 0 0 0 0 0 0 0 0 0 0 0 0 0 0 0 0 0 0 0 0 0 0 0 0 0 0 0 0 0 0 0 0 0 0 0 0 0 0 0 0 0 0 0 0
0 0 0 0 0 0 0 0 0 0 0 0 0 0 0 0 0 1 0 0 0 0 0 0 0 0 0 0 0 0 1 0 0 0 0 0 0 0 0 0 0 0 0 0 0 0 0 0 0 0 0 0 0 0 0 0 0 0 0 0 0 0 0 0 0 0 1 0 0 0 0 0 0 0 0 0
0 0 0 0 0 0 0 0 0 0 0 0 0 0 0 0 0 0 0 0 0 1 0 0 0 0 0 0 0 0 0 0 0 0 0 0 0 0 0 0 0 0 0 0 0 0 0 0 0 0 1 0 0 0 0 0 0 0 0 0 0 0 0 0 0 0 0 0 0 0 0 0 0 0 0 0
0 0 0 0 0 0 0 0 0 0 0 0 0 0 0 0 0 0 0 0 0 0 0 0 0 0 0 0 0 0 0 0 0 0 1 0 0 0 0 0 0 0 0 0 0 0 0 0 0 0 0 0 0 0 0 0 0 0 0 0 0 0 0 0 0 0 0 0 1 0 0 0 0 0 0 0
0 0 0 0 0 0 0 0 0 0 0 0 0 0 0 0 0 0 0 0 0 0 0 0 0 0 0 0 0 0 0 0 0 0 0 0 0 0 0 0 0 0 0 0 0 0 0 0 0 0 1 0 0 0 0 0 0 0 0 0 0 0 0 0 0 0 0 0 0 0 0 0 0 0 0 0
0 0 0 0 0 0 0 0 0 1 0 0 0 0 0 0 0 0 0 0 0 0 0 0 0 0 0 1 0 0 0 0 0 0 0 0 0 0 0 0 0 0 0 0 0 0 0 0 0 0 0 0 0 0 0 0 0 0 0 0 0 0 0 0 0 0 0 0 0 0 0 0 0 0 0 0
0 0 0 0 0 0 0 0 1 0 0 0 0 0 0 0 0 0 0 0 0 0 0 0 0 0 0 1 0 0 0 0 0 0 0 0 0 0 0 0 0 0 0 0 0 0 0 0 0 0 1 0 0 0 0 0 0 0 0 0 0 0 0 0 0 0 0 0 0 0 0 0 0 0 0 0
0 0 0 0 0 0 0 0 0 0 0 0 0 0 0 0 0 0 0 0 0 0 0 0 0 0 0 0 0 0 0 0 0 0 0 0 0 0 0 0 0 0 0 0 0 0 0 0 0 0 0 0 0 0 0 0 0 0 0 0 0 1 0 0 0 0 0 0 0 0 0 0 0 0 0 0
0 0 0 0 0 0 0 0 0 0 0 0 0 0 0 0 0 0 0 0 0 0 0 0 0 0 0 0 0 0 1 0 0 0 0 0 0 0 0 0 0 0 0 0 0 0 0 0 0 0 0 0 0 0 0 0 0 0 0 0 0 0 0 0 0 0 0 0 0 0 0 0 0 0 0 0
0 0 0 0 0 0 0 0 0 0 0 0 0 0 0 0 0 1 0 0 0 0 0 0 0 0 0 0 0 0 0 0 0 0 0 0 0 0 0 0 0 0 0 0 0 0 0 0 0 0 0 0 0 0 0 0 0 0 0 0 0 0 0 0 0 0 0 0 0 0 0 0 0 0 0 0
0 0 0 0 0 0 0 0 0 0 1 0 0 0 0 0 0 0 0 0 0 0 0 0 0 0 0 0 0 0 0 0 0 0 0 0 0 0 0 0 0 0 0 0 0 0 0 0 0 1 0 0 0 0 0 0 0 0 1 0 0 0 0 0 0 0 0 0 0 0 0 0 0 0 0 0
0 0 0 0 0 0 0 0 0 0 0 0 0 0 0 0 0 0 0 0 0 0 0 1 0 0 0 0 0 0 0 0 0 0 0 0 0 0 0 0 0 0 0 0 0 0 0 0 0 0 0 0 0 0 0 0 0 0 0 0 0 0 0 0 0 0 0 0 0 0 0 0 0 0 0 0
0 0 0 0 0 0 0 0 0 0 0 0 0 0 0 0 0 0 0 0 0 0 0 0 0 1 0 0 0 0 0 0 0 0 0 0 0 0 0 0 0 0 0 0 0 0 0 0 0 0 0 0 0 0 0 0 0 0 0 0 0 0 0 0 0 0 0 0 0 0 0 0 0 0 0 0
0 0 0 0 1 0 0 0 0 0 0 0 0 0 0 0 0 0 0 0 0 0 0 0 0 0 0 0 0 0 0 0 0 0 0 0 0 0 0 0 0 0 0 0 0 0 0 0 0 0 0 0 0 0 0 0 0 0 0 0 0 0 0 0 0 0 0 0 0 0 0 0 0 0 0 0
0 0 0 0 0 0 0 0 0 0 0 0 0 0 0 0 0 0 0 0 0 0 0 0 0 0 0 0 0 0 0 0 0 0 0 0 0 0 0 0 0 0 0 0 0 0 0 1 0 0 0 0 0 0 0 0 0 0 0 0 0 0 0 0 0 0 0 0 0 0 0 0 0 0 0 0
0 0 0 0 0 0 0 0 0 0 0 0 0 0 0 0 0 0 0 0 0 0 0 0 0 0 0 0 0 0 0 0 0 0 0 0 0 0 0 0 0 0 0 0 0 0 0 0 0 0 0 0 1 0 0 0 0 0 0 0 0 0 0 0 0 0 0 0 0 0 0 0 0 0 0 0
0 0 0 0 0 0 0 0 1 0 0 0 0 0 0 0 0 0 0 0 0 0 0 0 0 0 0 0 0 0 0 0 0 0 0 0 0 0 0 0 0 0 0 0 0 1 0 0 0 0 0 0 0 0 0 0 0 0 0 0 0 0 0 0 0 0 0 0 0 0 0 0 0 0 0 0
0 0 0 0 0 0 0 0 0 0 0 0 0 0 0 0 0 0 0 0 0 0 0 0 0 0 0 0 1 1 0 0 0 0 0 0 0 0 0 0 0 0 0 0 0 0 0 0 0 0 0 0 0 0 1 0 0 0 0 0 0 0 0 0 0 0 0 0 0 0 0 0 0 0 0 0
0 0 0 0 0 0 0 0 0 0 0 0 0 0 0 0 0 0 1 0 0 0 0 0 0 1 0 0 0 0 0 0 0 0 0 0 0 0 0 0 0 0 0 0 0 0 0 0 0 0 0 0 0 0 0 0 0 0 0 0 0 0 0 0 0 0 0 0 0 0 0 0 0 0 0 0
0 0 0 0 0 0 0 0 0 0 0 0 0 0 0 0 0 0 0 0 0 0 0 0 0 1 0 0 0 0 0 0 0 0 0 0 0 0 0 0 0 0 0 0 0 1 0 0 0 0 0 0 0 0 0 0 0 0 0 0 0 0 0 0 0 0 0 0 0 0 0 0 0 0 0 0
0 0 0 0 0 0 0 0 0 0 0 0 0 0 0 0 0 0 0 1 0 0 0 0 0 0 0 0 0 0 0 0 0 0 0 0 0 0 0 0 0 0 0 0 0 0 0 0 1 0 1 0 0 0 0 0 0 0 0 0 0 0 0 0 0 0 0 0 0 0 0 0 0 0 0 0
0 0 0 0 0 0 0 0 0 0 0 1 0 0 0 0 0 0 0 0 1 0 0 0 0 0 0 0 0 0 0 0 0 0 0 0 0 0 0 0 0 0 0 0 0 0 0 0 0 0 0 0 0 0 0 0 0 0 0 0 0 0 0 0 0 0 0 0 0 0 0 0 0 0 0 0
1 0 0 0 0 0 0 0 0 0 0 0 0 0 0 0 0 0 0 0 0 0 0 0 0 0 0 0 0 0 0 0 0 0 0 0 0 0 0 0 0 0 0 0 0 0 0 0 0 0 0 0 0 0 0 0 0 0 0 0 0 0 0 0 0 0 0 0 0 0 0 0 0 0 0 0
0 0 0 0 0 0 0 0 0 0 0 0 0 0 0 0 0 0 0 0 0 0 0 0 1 0 0 0 0 0 0 0 0 0 0 0 0 0 0 0 0 0 0 1 0 0 0 0 0 0 0 0 0 0 0 0 0 0 0 0 0 0 0 0 0 0 0 0 0 0 0 0 0 0 0 0
0 0 0 0 0 0 0 0 0 0 0 0 0 0 1 0 0 0 0 0 0 0 0 0 0 0 0 0 0 1 0 0 0 0 0 0 0 0 0 0 0 0 0 0 0 0 0 0 0 0 0 0 0 0 0 0 0 0 0 0 0 0 0 0 0 0 0 0 0 0 0 0 0 0 0 0
500
5 pac 0 org 32 dst 7
7 pac 1 org 55 dst 12
7 pac 2 org 0 dst 30
16 pac 3 org 52 dst 18
20 pac 4 org 3 dst 36
27 pac 5 org 62 dst 60
31 pac 6 org 66 dst 20
33 pac 7 org 9 dst 31
38 pac 8 org 28 dst 16
38 pac 9 org 13 dst 39
44 pac 10 org 67 dst 38
45 pac 11 org 45 dst 21
49 pac 12 org 20 dst 48
55 pac 13 org 26 dst 22
57 pac 14 org 68 dst 5
63 pac 15 org 64 dst 55
65 pac 16 org 52 dst 47
66 pac 17 org 9 dst 59
69 pac 18 org 42 dst 63
73 pac 19 org 50 dst 40
76 pac 20 org 41 dst 37
77 pac 21 org 57 dst 72
85 pac 22 org 21 dst 47
85 pac 23 org 1 dst 23
92 pac 24 org 60 dst 30
99 pac 25 org 8 dst 73
106 pac 26 org 27 dst 62
110 pac 27 org 73 dst 22
116 pac 28 org 74 dst 66
116 pac 29 org 65 dst 56
119 pac 30 org 6 dst 4
125 pac 31 org 50 dst 8
128 pac 32 org 7 dst 11
128 pac 33 org 9 dst 49
136 pac 34 org 62 dst 31
136 pac 35 org 17 dst 27
136 pac 36 org 11 dst 32
138 pac 37 org 73 dst 10
141 pac 38 org 72 dst 47
150 pac 39 org 27 dst 40
155 pac 40 org 57 dst 54
158 pac 41 org 49 dst 63
158 pac 42 org 45 dst 67
158 pac 43 org 51 dst 13
159 pac 44 org 4 dst 37
164 pac 45 org 41 dst 10
167 pac 46 org 57 dst 73
171 pac 47 org 48 dst 72
172 pac 48 org 3 dst 31
176 pac 49 org 23 dst 8
180 pac 50 org 64 dst 65
184 pac 51 org 15 dst 19
188 pac 52 org 20 dst 75
195 pac 53 org 51 dst 47
200 pac 54 org 30 dst 75
204 pac 55 org 25 dst 57
205 pac 56 org 42 dst 48
211 pac 57 org 11 dst 1
216 pac 58 org 55 dst 34
221 pac 59 org 32 dst 59
228 pac 60 org 3 dst 75
228 pac 61 org 32 dst 6
236 pac 62 org 15 dst 36
239 pac 63 org 10 dst 11
242 pac 64 org 57 dst 29
243 pac 65 org 3 dst 71
246 pac 66 org 70 dst 45
255 pac 67 org 8 dst 37
260 pac 68 org 33 dst 9
260 pac 69 org 66 dst 48
267 pac 70 org 21 dst 66
273 pac 71 org 45 dst 8
282 pac 72 org 64 dst 66
288 pac 73 org 67 dst 20
288 pac 74 org 18 dst 30
295 pac 75 org 17 dst 59
298 pac 76 org 42 dst 40
302 pac 77 org 20 dst 61
309 pac 78 org 62 dst 17
318 pac 79 org 57 dst 21
322 pac 80 org 6 dst 55
324 pac 81 org 53 dst 34
328 pac 82 org 54 dst 4
328 pac 83 org 57 dst 3
331 pac 84 org 19 dst 30
332 pac 85 org 3 dst 38
340 pac 86 org 53 dst 31
342 pac 87 org 56 dst 36
347 pac 88 org 56 dst 36
348 pac 89 org 58 dst 53
351 pac 90 org 3 dst 36
358 pac 91 org 52 dst 66
367 pac 92 org 71 dst 13
376 pac 93 org 14 dst 40
380 pac 94 org 54 dst 0
382 pac 95 org 73 dst 17
388 pac 96 org 37 dst 35
393 pac 97 org 27 dst 2
395 pac 98 org 26 dst 17
395 pac 99 org 9 dst 26
400 pac 100 org 19 dst 59
401 pac 101 org 14 dst 59
409 pac 102 org 38 dst 33
413 pac 103 org 27 dst 62
414 pac 104 org 12 dst 10
416 pac 105 org 48 dst 51
418 pac 106 org 2 dst 59
424 pac 107 org 24 dst 10
424 pac 108 org 64 dst 9
424 pac 109 org 64 dst 30
432 pac 110 org 8 dst 62
441 pac 111 org 29 dst 8
441 pac 112 org 11 dst 2
447 pac 113 org 1 dst 58
448 pac 114 org 15 dst 52
453 pac 115 org 51 dst 43
458 pac 116 org 16 dst 67
465 pac 117 org 62 dst 13
471 pac 118 org 18 dst 35
476 pac 119 org 38 dst 57
476 pac 120 org 53 dst 33
483 pac 121 org 32 dst 6
491 pac 122 org 60 dst 55
496 pac 123 org 53 dst 39
500 pac 124 org 28 dst 6
502 pac 125 org 60 dst 1
502 pac 126 org 47 dst 1
502 pac 127 org 49 dst 7
511 pac 128 org 60 dst 32
511 pac 129 org 50 dst 48
519 pac 130 org 66 dst 74
528 pac 131 org 50 dst 18
529 pac 132 org 35 dst 39
535 pac 133 org 4 dst 42
535 pac 134 org 40 dst 23
539 pac 135 org 54 dst 75
542 pac 136 org 68 dst 4
545 pac 137 org 55 dst 31
550 pac 138 org 8 dst 33
555 pac 139 org 68 dst 71
559 pac 140 org 39 dst 52
563 pac 141 org 60 dst 23
567 pac 142 org 15 dst 13
576 pac 143 org 71 dst 46
581 pac 144 org 27 dst 36
589 pac 145 org 12 dst 52
590 pac 146 org 1 dst 46
590 pac 147 org 51 dst 23
593 pac 148 org 20 dst 60
593 pac 149 org 14 dst 18
594 pac 150 org 37 dst 54
601 pac 151 org 7 dst 53
608 pac 152 org 68 dst 56
612 pac 153 org 61 dst 49
613 pac 154 org 6 dst 24
613 pac 155 org 2 dst 30
613 pac 156 org 71 dst 46
613 pac 157 org 71 dst 58
614 pac 158 org 66 dst 6
617 pac 159 org 33 dst 11
618 pac 160 org 4 dst 26
621 pac 161 org 42 dst 63
625 pac 162 org 64 dst 72
628 pac 163 org 48 dst 10
636 pac 164 org 16 dst 75
639 pac 165 org 18 dst 62
642 pac 166 org 42 dst 63
645 pac 167 org 74 dst 46
653 pac 168 org 37 dst 20
656 pac 169 org 35 dst 69
660 pac 170 org 12 dst 25
662 pac 171 org 31 dst 61
667 pac 172 org 13 dst 16
676 pac 173 org 41 dst 63
683 pac 174 org 34 dst 48
688 pac 175 org 55 dst 66
696 pac 176 org 60 dst 62
705 pac 177 org 51 dst 57
709 pac 178 org 7 dst 31
718 pac 179 org 51 dst 19
719 pac 180 org 74 dst 43
725 pac 181 org 56 dst 55
732 pac 182 org 44 dst 10
741 pac 183 org 29 dst 31
748 pac 184 org 40 dst 13
751 pac 185 org 34 dst 42
758 pac 186 org 28 dst 13
759 pac 187 org 36 dst 74
768 pac 188 org 18 dst 30
776 pac 189 org 31 dst 17
781 pac 190 org 12 dst 75
788 pac 191 org 20 dst 7
789 pac 192 org 60 dst 62
789 pac 193 org 40 dst 23
795 pac 194 org 60 dst 47
795 pac 195 org 40 dst 42
795 pac 196 org 9 dst 22
796 pac 197 org 66 dst 40
796 pac 198 org 61 dst 30
802 pac 199 org 59 dst 44
808 pac 200 org 56 dst 28
816 pac 201 org 71 dst 58
816 pac 202 org 36 dst 44
818 pac 203 org 3 dst 72
827 pac 204 org 59 dst 64
827 pac 205 org 56 dst 63
827 pac 206 org 23 dst 39
831 pac 207 org 33 dst 62
838 pac 208 org 75 dst 12
838 pac 209 org 70 dst 13
844 pac 210 org 62 dst 35
846 pac 211 org 24 dst 11
846 pac 212 org 62 dst 28
854 pac 213 org 25 dst 52
856 pac 214 org 6 dst 12
860 pac 215 org 12 dst 56
862 pac 216 org 56 dst 14
871 pac 217 org 48 dst 9
880 pac 218 org 55 dst 20
881 pac 219 org 59 dst 32
884 pac 220 org 28 dst 47
893 pac 221 org 22 dst 20
900 pac 222 org 41 dst 11
900 pac 223 org 62 dst 57
900 pac 224 org 69 dst 75
906 pac 225 org 47 dst 0
915 pac 226 org 68 dst 2
922 pac 227 org 0 dst 61
930 pac 228 org 42 dst 30
937 pac 229 org 69 dst 73
942 pac 230 org 22 dst 42
947 pac 231 org 74 dst 42
951 pac 232 org 73 dst 45
957 pac 233 org 30 dst 44
959 pac 234 org 22 dst 41
960 pac 235 org 68 dst 64
964 pac 236 org 9 dst 75
970 pac 237 org 39 dst 54
976 pac 238 org 6 dst 17
981 pac 239 org 68 dst 13
984 pac 240 org 18 dst 62
986 pac 241 org 49 dst 60
986 pac 242 org 48 dst 7
991 pac 243 org 20 dst 24
997 pac 244 org 75 dst 18
1003 pac 245 org 9 dst 57
1005 pac 246 org 72 dst 14
1012 pac 247 org 18 dst 10
1015 pac 248 org 13 dst 67
1016 pac 249 org 43 dst 12
1025 pac 250 org 57 dst 10
1033 pac 251 org 60 dst 49
1039 pac 252 org 42 dst 1
1047 pac 253 org 53 dst 32
1052 pac 254 org 19 dst 36
1055 pac 255 org 4 dst 41
1064 pac 256 org 37 dst 15
1068 pac 257 org 41 dst 56
1071 pac 258 org 15 dst 9
1075 pac 259 org 49 dst 70
1075 pac 260 org 50 dst 6
1075 pac 261 org 22 dst 40
1084 pac 262 org 36 dst 66
1091 pac 263 org 17 dst 15
1093 pac 264 org 2 dst 55
1094 pac 265 org 67 dst 27
1101 pac 266 org 67 dst 0
1104 pac 267 org 40 dst 51
1110 pac 268 org 53 dst 12
1111 pac 269 org 36 dst 72
1111 pac 270 org 29 dst 13
1118 pac 271 org 3 dst 7
1121 pac 272 org 36 dst 49
1127 pac 273 org 69 dst 51
1136 pac 274 org 25 dst 18
1143 pac 275 org 62 dst 35
1150 pac 276 org 36 dst 48
1152 pac 277 org 19 dst 54
1157 pac 278 org 71 dst 11
1163 pac 279 org 25 dst 5
1172 pac 280 org 41 dst 71
1175 pac 281 org 58 dst 64
1184 pac 282 org 10 dst 17
1188 pac 283 org 57 dst 18
1191 pac 284 org 8 dst 32
1200 pac 285 org 15 dst 7
1200 pac 286 org 4 dst 68
1206 pac 287 org 70 dst 33
1209 pac 288 org 58 dst 40
1209 pac 289 org 45 dst 25
1216 pac 290 org 53 dst 35
1216 pac 291 org 52 dst 55
1218 pac 292 org 24 dst 57
1222 pac 293 org 2 dst 40
1227 pac 294 org 47 dst 1
1231 pac 295 org 29 dst 67
1233 pac 296 org 5 dst 2
1239 pac 297 org 31 dst 37
1243 pac 298 org 55 dst 2
1248 pac 299 org 72 dst 41
1254 pac 300 org 10 dst 6
1261 pac 301 org 23 dst 63
1268 pac 302 org 22 dst 55
1273 pac 303 org 9 dst 12
1277 pac 304 org 31 dst 18
1280 pac 305 org 8 dst 74
1286 pac 306 org 8 dst 3
1287 pac 307 org 66 dst 65
1289 pac 308 org 17 dst 63
1292 pac 309 org 55 dst 43
1297 pac 310 org 69 dst 35
1300 pac 311 org 20 dst 14
1307 pac 312 org 18 dst 61
1310 pac 313 org 51 dst 74
1313 pac 314 org 55 dst 25
1317 pac 315 org 31 dst 32
1324 pac 316 org 46 dst 4
1328 pac 317 org 44 dst 13
1331 pac 318 org 23 dst 30
1338 pac 319 org 75 dst 26
1345 pac 320 org 23 dst 18
1348 pac 321 org 39 dst 3
1353 pac 322 org 37 dst 19
1358 pac 323 org 10 dst 7
1360 pac 324 org 29 dst 55
1369 pac 325 org 27 dst 23
1372 pac 326 org 5 dst 8
1375 pac 327 org 47 dst 75
1384 pac 328 org 45 dst 15
1389 pac 329 org 32 dst 29
1394 pac 330 org 7 dst 9
1403 pac 331 org 27 dst 21
1406 pac 332 org 50 dst 51
1413 pac 333 org 75 dst 64
1416 pac 334 org 65 dst 34
1422 pac 335 org 6 dst 7
1427 pac 336 org 40 dst 16
1434 pac 337 org 53 dst 63
1443 pac 338 org 28 dst 64
1446 pac 339 org 34 dst 35
1447 pac 340 org 69 dst 74
1454 pac 341 org 56 dst 20
1461 pac 342 org 12 dst 39
1462 pac 343 org 47 dst 1
1468 pac 344 org 64 dst 55
1469 pac 345 org 17 dst 1
1478 pac 346 org 59 dst 15
1485 pac 347 org 63 dst 65
1494 pac 348 org 10 dst 14
1500 pac 349 org 53 dst 54
1507 pac 350 org 43 dst 59
1516 pac 351 org 67 dst 19
1517 pac 352 org 59 dst 50
1523 pac 353 org 22 dst 14
1527 pac 354 org 19 dst 10
1534 pac 355 org 13 dst 68
1537 pac 356 org 0 dst 5
1537 pac 357 org 51 dst 46
1538 pac 358 org 23 dst 60
1544 pac 359 org 52 dst 12
1552 pac 360 org 9 dst 73
1560 pac 361 org 18 dst 54
1562 pac 362 org 41 dst 52
1568 pac 363 org 28 dst 6
1571 pac 364 org 47 dst 54
1576 pac 365 org 30 dst 70
1576 pac 366 org 7 dst 5
1585 pac 367 org 13 dst 73
1586 pac 368 org 12 dst 24
1587 pac 369 org 42 dst 45
1590 pac 370 org 28 dst 38
1596 pac 371 org 65 dst 45
1599 pac 372 org 56 dst 43
1602 pac 373 org 24 dst 65
1607 pac 374 org 44 dst 30
1615 pac 375 org 67 dst 33
1620 pac 376 org 26 dst 67
1629 pac 377 org 70 dst 22
1634 pac 378 org 69 dst 34
1634 pac 379 org 75 dst 28
1641 pac 380 org 34 dst 25
1648 pac 381 org 68 dst 8
1656 pac 382 org 37 dst 56
1656 pac 383 org 33 dst 61
1661 pac 384 org 53 dst 30
1668 pac 385 org 21 dst 25
1676 pac 386 org 2 dst 34
1683 pac 387 org 49 dst 47
1689 pac 388 org 41 dst 36
1694 pac 389 org 40 dst 73
1697 pac 390 org 8 dst 36
1701 pac 391 org 38 dst 68
1707 pac 392 org 73 dst 26
1714 pac 393 org 3 dst 60
1722 pac 394 org 12 dst 65
1726 pac 395 org 32 dst 38
1730 pac 396 org 69 dst 66
1731 pac 397 org 41 dst 25
1733 pac 398 org 11 dst 7
1738 pac 399 org 36 dst 8
1746 pac 400 org 44 dst 8
1755 pac 401 org 26 dst 10
1757 pac 402 org 72 dst 21
1758 pac 403 org 17 dst 37
1765 pac 404 org 30 dst 45
1774 pac 405 org 41 dst 36
1779 pac 406 org 58 dst 66
1785 pac 407 org 9 dst 36
1792 pac 408 org 25 dst 61
1795 pac 409 org 56 dst 34
1802 pac 410 org 62 dst 25
1804 pac 411 org 69 dst 0
1806 pac 412 org 45 dst 43
1815 pac 413 org 38 dst 9
1822 pac 414 org 51 dst 73
1828 pac 415 org 26 dst 42
1831 pac 416 org 39 dst 73
1835 pac 417 org 69 dst 38
1837 pac 418 org 68 dst 58
1845 pac 419 org 4 dst 18
1849 pac 420 org 29 dst 30
1855 pac 421 org 36 dst 16
1860 pac 422 org 18 dst 49
1863 pac 423 org 42 dst 30
1866 pac 424 org 13 dst 5
1871 pac 425 org 67 dst 47
1876 pac 426 org 45 dst 73
1881 pac 427 org 0 dst 53
1888 pac 428 org 12 dst 67
1895 pac 429 org 42 dst 61
1895 pac 430 org 34 dst 27
1902 pac 431 org 38 dst 7
1902 pac 432 org 12 dst 63
1908 pac 433 org 29 dst 64
1911 pac 434 org 37 dst 34
1911 pac 435 org 6 dst 3
1911 pac 436 org 8 dst 70
1920 pac 437 org 70 dst 26
1926 pac 438 org 55 dst 73
1933 pac 439 org 5 dst 21
1933 pac 440 org 73 dst 74
1941 pac 441 org 64 dst 47
1947 pac 442 org 69 dst 45
1949 pac 443 org 29 dst 65
1956 pac 444 org 56 dst 60
1963 pac 445 org 13 dst 36
1968 pac 446 org 46 dst 52
1972 pac 447 org 59 dst 69
1974 pac 448 org 61 dst 10
1978 pac 449 org 17 dst 74
1983 pac 450 org 9 dst 59
1983 pac 451 org 28 dst 41
1992 pac 452 org 66 dst 49
2000 pac 453 org 56 dst 20
2006 pac 454 org 47 dst 32
2012 pac 455 org 10 dst 47
2015 pac 456 org 75 dst 23
2023 pac 457 org 26 dst 24
2024 pac 458 org 35 dst 24
2032 pac 459 org 19 dst 18
2040 pac 460 org 14 dst 28
2043 pac 461 org 38 dst 17
2044 pac 462 org 27 dst 5
2052 pac 463 org 2 dst 62
2055 pac 464 org 24 dst 43
2058 pac 465 org 37 dst 64
2062 pac 466 org 2 dst 23
2070 pac 467 org 32 dst 46
2072 pac 468 org 41 dst 53
2081 pac 469 org 29 dst 0
2089 pac 470 org 59 dst 73
2089 pac 471 org 33 dst 62
2093 pac 472 org 50 dst 19
2100 pac 473 org 24 dst 7
2104 pac 474 org 18 dst 13
2105 pac 475 org 13 dst 16
2105 pac 476 org 51 dst 39
2114 pac 477 org 58 dst 28
2114 pac 478 org 32 dst 53
2122 pac 479 org 40 dst 4
2130 pac 480 org 57 dst 1
2138 pac 481 org 46 dst 38
2141 pac 482 org 33 dst 28
2150 pac 483 org 65 dst 24
2154 pac 484 org 18 dst 1
2157 pac 485 org 48 dst 35
2162 pac 486 org 52 dst 55
2168 pac 487 org 50 dst 23
2173 pac 488 org 34 dst 21
2175 pac 489 org 12 dst 10
2184 pac 490 org 29 dst 55
2188 pac 491 org 65 dst 20
2197 pac 492 org 8 dst 22
2201 pac 493 org 51 dst 3
2204 pac 494 org 72 dst 33
2205 pac 495 org 0 dst 30
2207 pac 496 org 19 dst 38
2213 pac 497 org 72 dst 50
2222 pac 498 org 2 dst 33
2229 pac 499 org 16 dst 33
