5
20
100
1
78
0 0 0 0 0 0 0 0 0 0 0 0 0 0 0 0 0 0 0 0 0 0 0 0 0 0 0 0 0 0 0 0 0 0 0 0 0 0 0 0 0 0 0 0 1 0 0 0 0 0 0 0 0 0 0 0 0 0 0 1 0 0 0 0 0 0 0 0 0 0 0 0 0 0 0 1 0 0
0 0 0 0 0 0 0 0 0 0 0 0 0 0 0 0 0 0 0 0 0 0 0 0 0 0 0 0 0 0 0 0 0 0 0 0 0 0 0 0 1 0 0 0 0 0 0 0 0 0 0 0 0 0 0 0 0 0 0 0 0 0 0 0 0 0 0 0 0 0 0 0 0 0 0 0 0 0
0 0 0 0 0 0 0 0 0 0 0 0 0 0 0 0 0 0 0 0 0 0 0 0 1 0 0 0 0 0 0 0 0 0 0 0 0 0 0 0 0 0 0 0 0 0 0 0 0 0 0 0 0 0 0 0 0 0 0 0 0 0 0 0 0 0 0 0 0 0 0 0 0 0 0 0 0 0
0 0 0 0 0 0 0 0 0 0 0 0 0 0 0 0 0 0 0 0 0 0 0 0 0 0 0 0 0 0 0 0 0 0 0 1 0 0 0 0 0 0 0 0 0 0 0 0 0 0 0 0 0 0 0 0 0 0 0 0 0 0 0 0 0 0 0 0 0 0 0 0 0 0 0 0 0 0
0 0 0 0 0 0 0 0 0 0 0 0 0 0 0 0 0 0 0 0 0 1 0 0 0 0 0 0 0 0 0 0 0 0 0 0 0 0 0 0 0 0 0 0 0 0 0 0 0 0 0 0 0 0 0 0 0 0 0 0 0 0 0 0 0 0 0 0 0 0 0 0 0 0 0 0 0 0
0 0 0 0 0 0 0 0 0 0 1 0 0 0 0 0 0 0 0 0 0 0 0 0 0 0 0 0 0 0 0 0 0 0 0 0 0 0 0 0 0 0 0 0 0 0 0 0 0 0 0 0 0 0 0 0 0 0 0 0 0 0 0 0 0 0 1 0 0 0 0 0 0 0 0 0 0 0
0 0 0 0 0 0 0 0 0 0 0 0 0 0 0 1 0 0 0 0 0 0 0 0 0 0 0 0 0 0 0 0 0 0 0 0 0 0 0 0 0 0 0 0 1 0 0 0 0 0 0 0 0 0 0 0 0 0 0 0 0 0 0 0 0 0 0 0 0 0 0 0 0 0 0 0 0 0
0 0 0 0 0 0 0 0 0 0 0 0 0 0 0 0 0 0 0 0 0 0 0 0 0 0 0 0 0 0 0 0 0 0 0 0 0 1 0 0 0 0 0 0 0 0 0 0 0 0 0 0 0 0 0 0 0 0 0 0 0 0 0 0 0 0 0 0 0 0 0 0 0 0 0 0 0 0
0 0 0 0 0 0 0 0 0 0 0 0 0 0 0 0 0 0 0 0 0 0 0 0 0 0 0 0 0 0 0 0 0 0 0 0 0 0 0 0 0 0 0 0 0 0 0 0 0 0 0 0 0 0 0 0 0 0 0 0 0 0 0 0 0 0 0 0 1 0 0 0 0 0 0 0 0 0
0 0 0 0 0 0 0 0 0 0 0 0 0 1 0 0 0 0 0 0 0 0 0 0 0 0 0 0 0 0 0 0 0 0 0 0 0 0 0 0 0 0 0 0 0 0 0 0 0 0 0 0 0 0 0 0 0 0 1 0 0 0 0 0 0 0 0 0 0 0 0 0 0 0 0 0 0 0
0 0 0 0 0 1 0 0 0 0 0 0 0 0 0 0 0 0 0 0 0 0 0 0 0 0 0 0 0 0 0 0 0 0 0 0 0 0 0 0 0 0 0 0 0 0 0 0 0 0 0 0 0 0 0 0 0 0 0 0 0 0 1 0 0 0 0 0 0 0 0 0 0 0 0 0 0 0
0 0 0 0 0 0 0 0 0 0 0 0 0 0 0 0 0 0 0 1 0 0 0 0 0 0 0 0 0 0 0 0 0 0 0 0 0 0 0 0 0 0 0 0 0 0 0 0 0 0 0 0 0 1 0 0 0 0 0 0 0 0 0 0 0 0 0 0 0 0 0 0 0 0 1 0 0 0
0 0 0 0 0 0 0 0 0 0 0 0 0 0 0 0 0 0 0 0 0 1 0 0 0 0 0 0 0 0 0 0 0 0 0 0 0 0 0 0 0 0 0 0 0 0 0 0 0 0 0 0 0 0 0 0 0 0 0 0 0 0 0 0 0 0 0 0 0 0 0 0 0 0 0 0 0 0
0 0 0 0 0 0 0 0 0 1 0 0 0 0 0 0 0 0 0 0 0 0 0 0 0 0 0 0 0 0 0 0 0 0 0 0 0 0 0 0 0 0 0 0 0 0 0 0 0 0 0 0 0 0 0 0 0 0 0 0 0 0 0 0 0 0 0 0 0 0 0 0 0 0 0 0 0 0
0 0 0 0 0 0 0 0 0 0 0 0 0 0 0 0 0 0 0 0 0 0 0 0 0 0 0 0 0 0 0 0 0 0 0 0 0 0 0 0 0 0 0 0 0 0 0 0 0 0 0 0 0 0 0 0 0 0 0 0 0 0 0 0 0 0 0 0 0 0 0 0 0 0 0 0 0 1
0 0 0 0 0 0 1 0 0 0 0 0 0 0 0 0 0 0 0 0 0 0 0 0 0 0 0 0 0 0 0 0 0 0 0 0 0 0 0 0 0 0 1 0 0 0 1 0 0 0 0 0 0 0 0 0 0 0 0 0 0 0 0 0 0 0 0 0 0 0 0 0 0 0 0 0 0 0
0 0 0 0 0 0 0 0 0 0 0 0 0 0 0 0 0 0 0 0 0 0 0 0 0 0 0 0 0 0 0 0 0 0 0 0 0 0 0 0 0 0 0 0 0 1 0 0 1 0 0 0 0 0 0 0 0 0 0 0 0 0 0 0 0 0 0 0 0 0 0 0 0 0 0 0 0 0
0 0 0 0 0 0 0 0 0 0 0 0 0 0 0 0 0 0 0 0 0 0 0 0 0 0 0 0 0 0 0 0 0 0 0 0 0 0 0 0 1 0 0 0 0 0 0 0 0 0 0 0 0 0 1 0 0 0 0 0 0 0 1 0 0 0 0 0 0 0 0 0 0 0 0 0 0 0
0 0 0 0 0 0 0 0 0 0 0 0 0 0 0 0 0 0 0 0 0 0 0 0 0 0 0 0 0 0 0 0 0 0 0 0 0 0 1 0 0 0 0 0 0 0 0 0 0 0 0 0 0 0 0 0 0 0 0 0 0 0 0 0 0 0 0 0 0 0 1 0 0 0 0 0 0 0
0 0 0 0 0 0 0 0 0 0 0 1 0 0 0 0 0 0 0 0 0 0 0 0 0 1 0 0 0 0 0 0 0 0 0 0 0 0 0 0 0 0 0 0 0 0 0 0 0 0 0 0 0 0 0 0 0 0 0 0 0 0 0 0 0 0 0 0 0 0 0 0 0 0 0 0 0 0
0 0 0 0 0 0 0 0 0 0 0 0 0 0 0 0 0 0 0 0 0 0 0 0 0 0 0 0 0 0 0 0 1 0 0 0 0 0 0 0 0 0 0 0 0 0 0 0 0 0 0 0 0 0 0 0 0 0 0 0 0 0 0 0 0 0 0 0 0 0 0 0 0 1 1 0 0 0
0 0 0 0 1 0 0 0 0 0 0 0 1 0 0 0 0 0 0 0 0 0 0 0 0 0 0 0 0 0 0 0 0 0 0 0 0 1 0 0 0 0 0 0 0 0 0 0 0 0 0 0 0 0 1 0 0 0 0 0 0 0 0 0 0 0 0 0 0 0 0 0 0 0 0 0 0 0
0 0 0 0 0 0 0 0 0 0 0 0 0 0 0 0 0 0 0 0 0 0 0 0 0 0 0 0 0 0 0 0 0 0 0 0 0 0 0 0 0 0 0 0 0 0 0 0 0 0 0 0 0 0 0 1 1 0 0 0 0 0 0 0 0 0 0 0 0 0 0 0 0 0 0 0 0 0
0 0 0 0 0 0 0 0 0 0 0 0 0 0 0 0 0 0 0 0 0 0 0 0 0 0 0 0 0 0 0 0 0 0 0 0 0 0 0 0 0 0 0 0 0 0 0 0 0 0 1 0 0 0 0 0 0 0 0 0 0 0 0 0 0 0 0 0 0 0 0 0 0 0 0 0 0 0
0 0 1 0 0 0 0 0 0 0 0 0 0 0 0 0 0 0 0 0 0 0 0 0 0 0 0 0 0 0 0 0 0 0 1 0 0 0 0 0 0 0 0 0 0 0 0 0 0 0 0 0 0 0 0 0 0 0 0 0 0 0 0 0 1 0 0 0 0 0 0 0 0 0 0 0 1 0
0 0 0 0 0 0 0 0 0 0 0 0 0 0 0 0 0 0 0 1 0 0 0 0 0 0 0 0 0 0 0 0 0 0 0 0 0 0 0 0 0 0 0 0 0 0 0 0 0 0 0 0 0 0 0 0 0 0 0 0 0 0 0 0 0 0 0 0 0 0 0 1 0 0 0 0 0 0
0 0 0 0 0 0 0 0 0 0 0 0 0 0 0 0 0 0 0 0 0 0 0 0 0 0 0 0 0 0 0 0 0 0 0 0 0 0 0 0 0 0 0 0 0 1 0 0 0 0 0 0 0 0 0 0 0 0 0 0 0 0 0 0 0 1 0 0 0 0 0 0 1 0 0 0 0 0
0 0 0 0 0 0 0 0 0 0 0 0 0 0 0 0 0 0 0 0 0 0 0 0 0 0 0 0 0 0 0 0 0 0 0 0 0 0 0 0 0 0 0 0 1 0 0 0 0 0 0 0 0 0 0 0 0 0 0 0 0 0 0 0 0 0 0 0 0 0 0 0 0 0 0 0 0 1
0 0 0 0 0 0 0 0 0 0 0 0 0 0 0 0 0 0 0 0 0 0 0 0 0 0 0 0 0 0 0 0 0 0 0 0 0 0 0 0 0 0 0 0 0 0 0 0 0 0 0 0 0 0 0 0 0 0 1 0 0 0 0 0 0 0 0 0 0 0 1 0 0 0 0 0 0 0
0 0 0 0 0 0 0 0 0 0 0 0 0 0 0 0 0 0 0 0 0 0 0 0 0 0 0 0 0 0 0 0 0 0 0 0 0 0 0 0 0 0 0 0 1 0 0 1 0 0 0 0 0 0 0 0 0 0 0 0 0 0 0 0 0 0 0 0 0 0 0 0 0 0 0 0 0 0
0 0 0 0 0 0 0 0 0 0 0 0 0 0 0 0 0 0 0 0 0 0 0 0 0 0 0 0 0 0 0 0 0 0 0 0 0 0 0 0 0 0 0 0 0 0 0 0 0 0 0 0 0 0 0 0 0 0 0 0 0 0 0 0 0 0 0 0 0 0 1 0 0 0 0 0 1 0
0 0 0 0 0 0 0 0 0 0 0 0 0 0 0 0 0 0 0 0 0 0 0 0 0 0 0 0 0 0 0 0 0 0 0 0 0 0 0 0 0 0 0 0 0 0 0 0 0 0 0 0 0 0 1 0 0 0 0 0 0 1 0 0 0 0 0 0 0 0 0 0 0 0 0 0 0 0
0 0 0 0 0 0 0 0 0 0 0 0 0 0 0 0 0 0 0 0 1 0 0 0 0 0 0 0 0 0 0 0 0 0 0 0 0 0 0 0 0 0 0 0 0 0 0 0 0 0 0 0 0 0 0 0 0 0 0 0 0 0 0 0 0 0 0 0 0 0 0 0 0 0 0 0 0 0
0 0 0 0 0 0 0 0 0 0 0 0 0 0 0 0 0 0 0 0 0 0 0 0 0 0 0 0 0 0 0 0 0 0 0 0 0 0 0 1 0 0 0 0 0 0 0 0 0 0 0 0 0 0 0 0 0 0 0 0 0 0 0 0 0 0 0 0 0 0 0 0 0 0 0 0 0 0
0 0 0 0 0 0 0 0 0 0 0 0 0 0 0 0 0 0 0 0 0 0 0 0 1 0 0 0 0 0 0 0 0 0 0 0 0 0 0 0 0 0 0 0 0 0 0 0 0 0 0 0 0 0 0 0 0 0 0 0 0 0 0 0 0 0 0 0 0 0 0 0 0 0 0 0 0 0
0 0 0 1 0 0 0 0 0 0 0 0 0 0 0 0 0 0 0 0 0 0 0 0 0 0 0 0 0 0 0 0 0 0 0 0 0 0 0 0 0 0 0 0 0 0 0 0 0 0 0 0 0 0 0 0 1 0 0 0 0 0 0 0 0 0 0 0 0 0 0 0 0 0 0 0 0 0
0 0 0 0 0 0 0 0 0 0 0 0 0 0 0 0 0 0 0 0 0 0 0 0 0 0 0 0 0 0 0 0 0 0 0 0 0 0 0 0 0 0 0 1 0 0 0 0 0 0 0 0 0 0 0 0 0 0 0 0 0 0 0 0 0 0 0 0 0 0 0 0 0 0 0 0 0 0
0 0 0 0 0 0 0 1 0 0 0 0 0 0 0 0 0 0 0 0 0 1 0 0 0 0 0 0 0 0 0 0 0 0 0 0 0 0 0 0 0 0 0 0 0 0 0 0 0 0 0 0 0 0 0 0 0 0 0 0 0 0 0 0 0 0 0 0 0 0 0 0 0 0 0 0 0 0
0 0 0 0 0 0 0 0 0 0 0 0 0 0 0 0 0 0 1 0 0 0 0 0 0 0 0 0 0 0 0 0 0 0 0 0 0 0 0 0 0 0 0 0 0 0 0 0 0 0 0 0 0 0 0 0 0 0 0 0 0 0 0 0 0 0 0 0 0 0 0 0 0 0 0 0 0 0
0 0 0 0 0 0 0 0 0 0 0 0 0 0 0 0 0 0 0 0 0 0 0 0 0 0 0 0 0 0 0 0 0 1 0 0 0 0 0 0 0 0 0 1 1 0 0 0 0 0 0 0 0 0 0 0 0 0 0 0 0 0 0 0 0 0 0 1 0 0 0 0 0 0 0 0 0 0
0 1 0 0 0 0 0 0 0 0 0 0 0 0 0 0 0 1 0 0 0 0 0 0 0 0 0 0 0 0 0 0 0 0 0 0 0 0 0 0 0 0 0 0 0 0 0 0 0 0 0 0 0 0 0 0 0 0 0 0 0 0 0 0 0 0 0 0 0 0 0 0 0 0 0 0 0 0
0 0 0 0 0 0 0 0 0 0 0 0 0 0 0 0 0 0 0 0 0 0 0 0 0 0 0 0 0 0 0 0 0 0 0 0 0 0 0 0 0 0 0 0 0 0 0 0 1 0 0 0 0 0 0 0 0 0 0 0 0 0 0 0 0 0 0 0 0 0 0 0 0 0 0 0 0 0
0 0 0 0 0 0 0 0 0 0 0 0 0 0 0 1 0 0 0 0 0 0 0 0 0 0 0 0 0 0 0 0 0 0 0 0 0 0 0 0 0 0 0 0 0 0 0 0 0 0 1 0 0 0 0 0 0 0 0 0 0 0 0 0 0 0 0 0 0 0 0 0 0 0 0 0 0 0
0 0 0 0 0 0 0 0 0 0 0 0 0 0 0 0 0 0 0 0 0 0 0 0 0 0 0 0 0 0 0 0 0 0 0 0 1 0 0 1 0 0 0 0 0 0 0 0 0 0 0 0 0 0 0 0 0 0 0 0 0 0 0 0 0 0 0 0 0 0 0 0 0 0 0 0 0 0
1 0 0 0 0 0 1 0 0 0 0 0 0 0 0 0 0 0 0 0 0 0 0 0 0 0 0 1 0 1 0 0 0 0 0 0 0 0 0 1 0 0 0 0 0 0 0 0 0 0 0 0 0 0 0 0 0 0 0 0 0 0 0 0 0 0 0 0 0 0 0 0 0 0 0 0 1 0
0 0 0 0 0 0 0 0 0 0 0 0 0 0 0 0 1 0 0 0 0 0 0 0 0 0 1 0 0 0 0 0 0 0 0 0 0 0 0 0 0 0 0 0 0 0 0 0 0 0 0 0 0 0 0 0 0 0 0 0 0 0 0 0 0 0 0 0 0 0 0 0 0 0 0 0 0 0
0 0 0 0 0 0 0 0 0 0 0 0 0 0 0 1 0 0 0 0 0 0 0 0 0 0 0 0 0 0 0 0 0 0 0 0 0 0 0 0 0 0 0 0 0 0 0 0 0 0 0 0 0 0 0 0 0 1 0 0 0 0 0 0 0 0 0 0 0 1 0 0 1 0 0 0 0 0
0 0 0 0 0 0 0 0 0 0 0 0 0 0 0 0 0 0 0 0 0 0 0 0 0 0 0 0 0 1 0 0 0 0 0 0 0 0 0 0 0 0 0 0 0 0 0 0 0 0 0 0 0 0 0 0 0 0 0 0 0 0 0 0 0 0 0 0 0 0 0 0 0 0 0 0 0 0
0 0 0 0 0 0 0 0 0 0 0 0 0 0 0 0 1 0 0 0 0 0 0 0 0 0 0 0 0 0 0 0 0 0 0 0 0 0 0 0 0 1 0 0 0 0 0 0 0 0 0 0 0 0 0 0 0 0 0 0 0 0 0 0 0 0 0 0 0 0 0 0 0 0 0 0 0 0
0 0 0 0 0 0 0 0 0 0 0 0 0 0 0 0 0 0 0 0 0 0 0 0 0 0 0 0 0 0 0 0 0 0 0 0 0 0 0 0 0 0 0 0 0 0 0 0 0 0 0 0 0 0 0 0 0 0 0 0 0 0 0 0 0 0 0 1 0 0 0 0 0 0 0 0 0 0
0 0 0 0 0 0 0 0 0 0 0 0 0 0 0 0 0 0 0 0 0 0 0 1 0 0 0 0 0 0 0 0 0 0 0 0 0 0 0 0 0 0 1 0 0 0 0 0 0 0 0 0 0 0 0 0 0 0 0 0 0 0 0 1 0 0 0 0 0 0 0 0 0 1 0 0 0 0
0 0 0 0 0 0 0 0 0 0 0 0 0 0 0 0 0 0 0 0 0 0 0 0 0 0 0 0 0 0 0 0 0 0 0 0 0 0 0 0 0 0 0 0 0 0 0 0 0 0 0 0 0 0 1 0 0 0 0 0 0 0 0 0 0 0 0 0 0 0 0 0 0 1 0 0 0 0
0 0 0 0 0 0 0 0 0 0 0 0 0 0 0 0 0 0 0 0 0 0 0 0 0 0 0 0 0 0 0 0 0 0 0 0 0 0 0 0 0 0 0 0 0 0 0 0 0 0 0 0 0 0 0 0 0 0 0 1 0 0 0 0 0 0 0 0 0 0 0 0 0 0 0 0 0 0
0 0 0 0 0 0 0 0 0 0 0 1 0 0 0 0 0 0 0 0 0 0 0 0 0 0 0 0 0 0 0 0 0 0 0 0 0 0 0 0 0 0 0 0 0 0 0 0 0 0 0 0 0 0 0 0 0 0 0 0 0 0 0 0 0 0 0 0 0 0 0 0 0 0 0 0 0 0
0 0 0 0 0 0 0 0 0 0 0 0 0 0 0 0 0 1 0 0 0 1 0 0 0 0 0 0 0 0 0 1 0 0 0 0 0 0 0 0 0 0 0 0 0 0 0 0 0 0 0 1 0 0 0 0 0 0 0 0 0 0 0 0 0 0 0 0 1 0 0 0 0 0 0 0 0 0
0 0 0 0 0 0 0 0 0 0 0 0 0 0 0 0 0 0 0 0 0 0 1 0 0 0 0 0 0 0 0 0 0 0 0 0 0 0 0 0 0 0 0 0 0 0 0 0 0 0 0 0 0 0 0 0 0 0 0 0 0 0 0 0 0 0 0 0 0 0 1 0 0 0 0 0 0 0
0 0 0 0 0 0 0 0 0 0 0 0 0 0 0 0 0 0 0 0 0 0 1 0 0 0 0 0 0 0 0 0 0 0 0 1 0 0 0 0 0 0 0 0 0 0 0 0 0 0 0 0 0 0 0 0 0 0 0 0 0 0 0 0 0 0 0 0 0 0 0 0 0 0 0 0 0 0
0 0 0 0 0 0 0 0 0 0 0 0 0 0 0 0 0 0 0 0 0 0 0 0 0 0 0 0 0 0 0 0 0 0 0 0 0 0 0 0 0 0 0 0 0 0 1 0 0 0 0 0 0 0 0 0 0 0 0 0 0 0 0 0 0 0 0 0 0 0 0 0 0 0 0 0 0 0
0 0 0 0 0 0 0 0 0 1 0 0 0 0 0 0 0 0 0 0 0 0 0 0 0 0 0 0 1 0 0 0 0 0 0 0 0 0 0 0 0 0 0 0 0 0 0 0 0 0 0 0 0 0 0 0 0 0 0 0 0 0 0 0 0 0 0 0 0 0 0 0 0 0 0 0 0 0
1 0 0 0 0 0 0 0 0 0 0 0 0 0 0 0 0 0 0 0 0 0 0 0 0 0 0 0 0 0 0 0 0 0 0 0 0 0 0 0 0 0 0 0 0 0 0 0 0 0 0 0 1 0 0 0 0 0 0 0 0 0 0 0 0 0 0 0 0 0 0 0 0 0 0 0 0 0
0 0 0 0 0 0 0 0 0 0 0 0 0 0 0 0 0 0 0 0 0 0 0 0 0 0 0 0 0 0 0 0 0 0 0 0 0 0 0 0 0 0 0 0 0 0 0 0 0 0 0 0 0 0 0 0 0 0 0 0 0 0 0 1 0 0 0 0 0 0 0 0 0 0 0 0 0 0
0 0 0 0 0 0 0 0 0 0 0 0 0 0 0 0 0 0 0 0 0 0 0 0 0 0 0 0 0 0 0 1 0 0 0 0 0 0 0 0 0 0 0 0 0 0 0 0 0 0 0 0 0 0 0 0 0 0 0 0 0 0 0 0 0 0 0 0 0 0 0 0 0 0 0 0 0 0
0 0 0 0 0 0 0 0 0 0 1 0 0 0 0 0 0 1 0 0 0 0 0 0 0 0 0 0 0 0 0 0 0 0 0 0 0 0 0 0 0 0 0 0 0 0 0 0 0 0 0 0 0 0 0 0 0 0 0 0 0 0 0 0 0 0 0 0 0 0 0 0 0 0 0 0 0 0
0 0 0 0 0 0 0 0 0 0 0 0 0 0 0 0 0 0 0 0 0 0 0 0 0 0 0 0 0 0 0 0 0 0 0 0 0 0 0 0 0 0 0 0 0 0 0 0 0 0 1 0 0 0 0 0 0 0 0 0 1 0 0 0 0 0 0 0 0 0 0 0 0 0 0 0 0 0
0 0 0 0 0 0 0 0 0 0 0 0 0 0 0 0 0 0 0 0 0 0 0 0 1 0 0 0 0 0 0 0 0 0 0 0 0 0 0 0 0 0 0 0 0 0 0 0 0 0 0 0 0 0 0 0 0 0 0 0 0 0 0 0 0 0 0 0 0 0 0 0 0 0 0 0 0 0
0 0 0 0 0 0 0 0 0 0 0 0 0 0 0 0 0 0 0 0 0 0 0 0 0 0 1 0 0 0 0 0 0 0 0 0 0 0 0 0 0 0 0 0 0 0 0 0 0 0 0 0 0 0 0 0 0 0 0 0 0 0 0 0 0 0 0 0 0 0 0 0 0 0 0 0 0 0
0 0 0 0 0 1 0 0 0 0 0 0 0 0 0 0 0 0 0 0 0 0 0 0 0 0 0 0 0 0 0 0 0 0 0 0 0 0 0 0 0 0 0 0 0 0 0 0 0 0 0 0 0 0 0 0 0 0 0 0 0 0 0 0 0 0 0 0 0 0 0 0 0 0 0 0 0 0
0 0 0 0 0 0 0 0 0 0 0 0 0 0 0 0 0 0 0 0 0 0 0 0 0 0 0 0 0 0 0 0 0 0 0 0 0 0 0 1 0 0 0 0 0 0 0 0 0 1 0 0 0 0 0 0 0 0 0 0 0 0 0 0 0 0 0 0 0 0 0 0 0 0 0 0 0 0
0 0 0 0 0 0 0 0 1 0 0 0 0 0 0 0 0 0 0 0 0 0 0 0 0 0 0 0 0 0 0 0 0 0 0 0 0 0 0 0 0 0 0 0 0 0 0 0 0 0 0 0 0 0 1 0 0 0 0 0 0 0 0 0 0 0 0 0 0 0 0 0 0 0 0 0 0 0
0 0 0 0 0 0 0 0 0 0 0 0 0 0 0 0 0 0 0 0 0 0 0 0 0 0 0 0 0 0 0 0 0 0 0 0 0 0 0 0 0 0 0 0 0 0 1 0 0 0 0 0 0 0 0 0 0 0 0 0 0 0 0 0 0 0 0 0 0 0 0 0 0 0 0 0 0 0
0 0 0 0 0 0 0 0 0 0 0 0 0 0 0 0 0 0 1 0 0 0 0 0 0 0 0 0 1 0 1 0 0 0 0 0 0 0 0 0 0 0 0 0 0 0 0 0 0 0 0 0 0 0 0 1 0 0 0 0 0 0 0 0 0 0 0 0 0 0 0 0 0 0 0 0 0 0
0 0 0 0 0 0 0 0 0 0 0 0 0 0 0 0 0 0 0 0 0 0 0 0 0 1 0 0 0 0 0 0 0 0 0 0 0 0 0 0 0 0 0 0 0 0 0 0 0 0 0 0 0 0 0 0 0 0 0 0 0 0 0 0 0 0 0 0 0 0 0 0 0 0 0 0 0 0
0 0 0 0 0 0 0 0 0 0 0 0 0 0 0 0 0 0 0 0 0 0 0 0 0 0 1 0 0 0 0 0 0 0 0 0 0 0 0 0 0 0 0 0 0 0 1 0 0 0 0 0 0 0 0 0 0 0 0 0 0 0 0 0 0 0 0 0 0 0 0 0 0 0 0 0 0 0
0 0 0 0 0 0 0 0 0 0 0 0 0 0 0 0 0 0 0 0 1 0 0 0 0 0 0 0 0 0 0 0 0 0 0 0 0 0 0 0 0 0 0 0 0 0 0 0 0 0 1 1 0 0 0 0 0 0 0 0 0 0 0 0 0 0 0 0 0 0 0 0 0 0 0 0 0 0
0 0 0 0 0 0 0 0 0 0 0 1 0 0 0 0 0 0 0 0 1 0 0 0 0 0 0 0 0 0 0 0 0 0 0 0 0 0 0 0 0 0 0 0 0 0 0 0 0 0 0 0 0 0 0 0 0 0 0 0 0 0 0 0 0 0 0 0 0 0 0 0 0 0 0 0 0 0
1 0 0 0 0 0 0 0 0 0 0 0 0 0 0 0 0 0 0 0 0 0 0 0 0 0 0 0 0 0 0 0 0 0 0 0 0 0 0 0 0 0 0 0 0 0 0 0 0 0 0 0 0 0 0 0 0 0 0 0 0 0 0 0 0 0 0 0 0 0 0 0 0 0 0 0 0 0
0 0 0 0 0 0 0 0 0 0 0 0 0 0 0 0 0 0 0 0 0 0 0 0 1 0 0 0 0 0 1 0 0 0 0 0 0 0 0 0 0 0 0 0 1 0 0 0 0 0 0 0 0 0 0 0 0 0 0 0 0 0 0 0 0 0 0 0 0 0 0 0 0 0 0 0 0 0
0 0 0 0 0 0 0 0 0 0 0 0 0 0 1 0 0 0 0 0 0 0 0 0 0 0 0 1 0 0 0 0 0 0 0 0 0 0 0 0 0 0 0 0 0 0 0 0 0 0 0 0 0 0 0 0 0 0 0 0 0 0 0 0 0 0 0 0 0 0 0 0 0 0 0 0 0 0
500
1 pac 0 org 0 dst 30
10 pac 1 org 53 dst 19
14 pac 2 org 3 dst 37
21 pac 3 org 63 dst 61
25 pac 4 org 67 dst 20
27 pac 5 org 9 dst 32
32 pac 6 org 28 dst 16
32 pac 7 org 14 dst 40
38 pac 8 org 69 dst 39
39 pac 9 org 46 dst 22
43 pac 10 org 20 dst 50
49 pac 11 org 27 dst 22
51 pac 12 org 70 dst 5
57 pac 13 org 66 dst 57
59 pac 14 org 53 dst 48
60 pac 15 org 9 dst 61
63 pac 16 org 43 dst 64
67 pac 17 org 52 dst 41
70 pac 18 org 42 dst 38
71 pac 19 org 58 dst 73
79 pac 20 org 22 dst 48
79 pac 21 org 1 dst 23
86 pac 22 org 61 dst 31
93 pac 23 org 8 dst 74
100 pac 24 org 28 dst 63
104 pac 25 org 75 dst 22
110 pac 26 org 76 dst 68
110 pac 27 org 66 dst 58
113 pac 28 org 7 dst 4
119 pac 29 org 51 dst 8
122 pac 30 org 8 dst 11
122 pac 31 org 9 dst 50
130 pac 32 org 64 dst 32
130 pac 33 org 18 dst 27
130 pac 34 org 11 dst 33
132 pac 35 org 75 dst 10
135 pac 36 org 74 dst 48
144 pac 37 org 28 dst 41
149 pac 38 org 59 dst 55
152 pac 39 org 50 dst 65
152 pac 40 org 46 dst 69
152 pac 41 org 53 dst 13
153 pac 42 org 4 dst 38
158 pac 43 org 43 dst 10
161 pac 44 org 59 dst 75
165 pac 45 org 50 dst 74
166 pac 46 org 3 dst 32
170 pac 47 org 23 dst 8
174 pac 48 org 66 dst 67
178 pac 49 org 15 dst 19
182 pac 50 org 21 dst 77
189 pac 51 org 52 dst 49
194 pac 52 org 31 dst 77
198 pac 53 org 26 dst 58
199 pac 54 org 44 dst 49
205 pac 55 org 12 dst 1
210 pac 56 org 56 dst 35
215 pac 57 org 33 dst 60
222 pac 58 org 3 dst 77
222 pac 59 org 33 dst 6
230 pac 60 org 15 dst 37
233 pac 61 org 11 dst 12
236 pac 62 org 59 dst 30
237 pac 63 org 3 dst 73
240 pac 64 org 72 dst 46
249 pac 65 org 8 dst 38
254 pac 66 org 34 dst 9
254 pac 67 org 68 dst 50
261 pac 68 org 21 dst 67
267 pac 69 org 46 dst 8
276 pac 70 org 65 dst 68
282 pac 71 org 69 dst 21
282 pac 72 org 18 dst 31
289 pac 73 org 18 dst 61
292 pac 74 org 44 dst 41
296 pac 75 org 21 dst 62
303 pac 76 org 63 dst 17
312 pac 77 org 58 dst 21
316 pac 78 org 6 dst 56
318 pac 79 org 55 dst 35
322 pac 80 org 55 dst 4
322 pac 81 org 59 dst 3
325 pac 82 org 19 dst 31
326 pac 83 org 3 dst 39
334 pac 84 org 54 dst 32
336 pac 85 org 58 dst 37
341 pac 86 org 57 dst 37
342 pac 87 org 60 dst 55
345 pac 88 org 3 dst 37
352 pac 89 org 53 dst 68
361 pac 90 org 73 dst 13
370 pac 91 org 14 dst 41
374 pac 92 org 56 dst 0
376 pac 93 org 75 dst 18
382 pac 94 org 38 dst 36
387 pac 95 org 28 dst 2
389 pac 96 org 27 dst 18
389 pac 97 org 9 dst 27
394 pac 98 org 19 dst 60
395 pac 99 org 15 dst 61
403 pac 100 org 39 dst 34
407 pac 101 org 27 dst 64
408 pac 102 org 13 dst 11
410 pac 103 org 49 dst 52
412 pac 104 org 2 dst 61
418 pac 105 org 24 dst 11
418 pac 106 org 66 dst 9
418 pac 107 org 66 dst 30
426 pac 108 org 8 dst 63
435 pac 109 org 30 dst 8
435 pac 110 org 12 dst 2
441 pac 111 org 1 dst 59
442 pac 112 org 15 dst 54
447 pac 113 org 52 dst 44
452 pac 114 org 17 dst 69
459 pac 115 org 64 dst 13
465 pac 116 org 18 dst 36
470 pac 117 org 39 dst 59
470 pac 118 org 55 dst 34
477 pac 119 org 33 dst 6
485 pac 120 org 62 dst 56
490 pac 121 org 54 dst 40
494 pac 122 org 29 dst 6
496 pac 123 org 62 dst 1
496 pac 124 org 48 dst 1
496 pac 125 org 50 dst 8
505 pac 126 org 62 dst 33
505 pac 127 org 51 dst 50
513 pac 128 org 68 dst 75
522 pac 129 org 51 dst 18
523 pac 130 org 36 dst 40
529 pac 131 org 4 dst 43
529 pac 132 org 41 dst 23
533 pac 133 org 55 dst 77
536 pac 134 org 70 dst 4
539 pac 135 org 56 dst 31
544 pac 136 org 8 dst 34
549 pac 137 org 70 dst 73
553 pac 138 org 40 dst 53
557 pac 139 org 62 dst 23
561 pac 140 org 15 dst 13
570 pac 141 org 73 dst 47
575 pac 142 org 28 dst 37
583 pac 143 org 12 dst 53
584 pac 144 org 1 dst 47
584 pac 145 org 53 dst 24
587 pac 146 org 21 dst 62
587 pac 147 org 14 dst 18
588 pac 148 org 37 dst 56
595 pac 149 org 7 dst 54
602 pac 150 org 70 dst 57
606 pac 151 org 63 dst 50
607 pac 152 org 6 dst 25
607 pac 153 org 2 dst 31
607 pac 154 org 73 dst 47
607 pac 155 org 73 dst 60
608 pac 156 org 67 dst 6
611 pac 157 org 34 dst 11
612 pac 158 org 4 dst 26
615 pac 159 org 43 dst 65
619 pac 160 org 65 dst 74
622 pac 161 org 49 dst 11
630 pac 162 org 16 dst 77
633 pac 163 org 19 dst 64
636 pac 164 org 43 dst 65
639 pac 165 org 76 dst 48
647 pac 166 org 38 dst 20
650 pac 167 org 36 dst 71
654 pac 168 org 12 dst 26
656 pac 169 org 32 dst 62
661 pac 170 org 14 dst 16
670 pac 171 org 42 dst 65
677 pac 172 org 35 dst 49
682 pac 173 org 56 dst 68
690 pac 174 org 62 dst 64
699 pac 175 org 52 dst 59
703 pac 176 org 8 dst 32
712 pac 177 org 52 dst 19
713 pac 178 org 76 dst 44
719 pac 179 org 58 dst 56
726 pac 180 org 45 dst 10
735 pac 181 org 30 dst 32
742 pac 182 org 41 dst 13
745 pac 183 org 35 dst 43
752 pac 184 org 29 dst 14
753 pac 185 org 37 dst 76
762 pac 186 org 18 dst 31
770 pac 187 org 32 dst 17
775 pac 188 org 12 dst 77
782 pac 189 org 21 dst 8
789 pac 190 org 55 dst 54
794 pac 191 org 64 dst 10
801 pac 192 org 23 dst 3
806 pac 193 org 48 dst 49
807 pac 194 org 43 dst 6
815 pac 195 org 22 dst 0
823 pac 196 org 41 dst 8
830 pac 197 org 31 dst 2
837 pac 198 org 45 dst 50
846 pac 199 org 29 dst 48
850 pac 200 org 59 dst 70
850 pac 201 org 46 dst 4
857 pac 202 org 74 dst 22
864 pac 203 org 66 dst 76
867 pac 204 org 65 dst 7
871 pac 205 org 40 dst 5
880 pac 206 org 64 dst 33
889 pac 207 org 12 dst 58
897 pac 208 org 13 dst 2
900 pac 209 org 36 dst 48
908 pac 210 org 12 dst 21
911 pac 211 org 29 dst 3
911 pac 212 org 54 dst 70
912 pac 213 org 12 dst 18
919 pac 214 org 58 dst 34
925 pac 215 org 15 dst 20
932 pac 216 org 9 dst 73
939 pac 217 org 21 dst 73
942 pac 218 org 33 dst 14
944 pac 219 org 48 dst 25
949 pac 220 org 21 dst 72
957 pac 221 org 12 dst 59
966 pac 222 org 58 dst 6
972 pac 223 org 77 dst 1
981 pac 224 org 0 dst 50
981 pac 225 org 2 dst 77
986 pac 226 org 63 dst 58
995 pac 227 org 31 dst 68
997 pac 228 org 75 dst 61
1006 pac 229 org 43 dst 39
1015 pac 230 org 43 dst 41
1019 pac 231 org 46 dst 31
1021 pac 232 org 45 dst 53
1030 pac 233 org 42 dst 19
1031 pac 234 org 66 dst 9
1036 pac 235 org 77 dst 35
1036 pac 236 org 55 dst 48
1044 pac 237 org 17 dst 52
1046 pac 238 org 14 dst 41
1052 pac 239 org 64 dst 26
1058 pac 240 org 61 dst 17
1060 pac 241 org 7 dst 0
1069 pac 242 org 25 dst 44
1070 pac 243 org 18 dst 50
1079 pac 244 org 58 dst 47
1081 pac 245 org 14 dst 15
1082 pac 246 org 11 dst 62
1087 pac 247 org 69 dst 23
1094 pac 248 org 12 dst 8
1101 pac 249 org 10 dst 76
1106 pac 250 org 50 dst 66
1113 pac 251 org 1 dst 48
1115 pac 252 org 33 dst 69
1115 pac 253 org 37 dst 44
1119 pac 254 org 42 dst 29
1124 pac 255 org 15 dst 77
1126 pac 256 org 58 dst 31
1132 pac 257 org 9 dst 29
1138 pac 258 org 72 dst 36
1140 pac 259 org 6 dst 2
1144 pac 260 org 41 dst 4
1146 pac 261 org 68 dst 70
1146 pac 262 org 15 dst 58
1154 pac 263 org 57 dst 16
1162 pac 264 org 28 dst 13
1167 pac 265 org 0 dst 61
1174 pac 266 org 53 dst 25
1178 pac 267 org 13 dst 53
1181 pac 268 org 73 dst 7
1181 pac 269 org 13 dst 3
1185 pac 270 org 7 dst 55
1194 pac 271 org 51 dst 31
1197 pac 272 org 53 dst 48
1205 pac 273 org 18 dst 74
1209 pac 274 org 36 dst 62
1211 pac 275 org 50 dst 56
1220 pac 276 org 55 dst 19
1228 pac 277 org 11 dst 41
1228 pac 278 org 67 dst 26
1237 pac 279 org 46 dst 42
1245 pac 280 org 70 dst 60
1247 pac 281 org 31 dst 11
1249 pac 282 org 76 dst 59
1253 pac 283 org 35 dst 8
1253 pac 284 org 28 dst 16
1262 pac 285 org 75 dst 4
1266 pac 286 org 7 dst 72
1271 pac 287 org 51 dst 59
1274 pac 288 org 24 dst 46
1278 pac 289 org 7 dst 54
1285 pac 290 org 60 dst 53
1292 pac 291 org 5 dst 25
1297 pac 292 org 22 dst 2
1297 pac 293 org 38 dst 48
1305 pac 294 org 46 dst 30
1305 pac 295 org 38 dst 5
1309 pac 296 org 22 dst 31
1309 pac 297 org 49 dst 56
1314 pac 298 org 35 dst 74
1314 pac 299 org 42 dst 10
1322 pac 300 org 50 dst 23
1329 pac 301 org 56 dst 22
1330 pac 302 org 59 dst 9
1332 pac 303 org 43 dst 32
1341 pac 304 org 38 dst 8
1341 pac 305 org 28 dst 9
1349 pac 306 org 48 dst 67
1357 pac 307 org 11 dst 18
1362 pac 308 org 22 dst 56
1366 pac 309 org 26 dst 71
1367 pac 310 org 43 dst 20
1375 pac 311 org 26 dst 18
1384 pac 312 org 61 dst 52
1387 pac 313 org 26 dst 56
1391 pac 314 org 26 dst 32
1391 pac 315 org 36 dst 47
1392 pac 316 org 59 dst 46
1396 pac 317 org 37 dst 24
1399 pac 318 org 26 dst 77
1401 pac 319 org 58 dst 24
1401 pac 320 org 54 dst 41
1403 pac 321 org 26 dst 38
1404 pac 322 org 39 dst 10
1411 pac 323 org 42 dst 30
1414 pac 324 org 20 dst 28
1415 pac 325 org 73 dst 5
1424 pac 326 org 27 dst 49
1426 pac 327 org 30 dst 46
1429 pac 328 org 70 dst 33
1430 pac 329 org 40 dst 7
1432 pac 330 org 42 dst 27
1438 pac 331 org 77 dst 52
1446 pac 332 org 27 dst 77
1450 pac 333 org 56 dst 67
1451 pac 334 org 24 dst 6
1453 pac 335 org 48 dst 41
1461 pac 336 org 44 dst 55
1469 pac 337 org 57 dst 28
1473 pac 338 org 77 dst 35
1482 pac 339 org 24 dst 71
1484 pac 340 org 14 dst 58
1489 pac 341 org 62 dst 12
1489 pac 342 org 60 dst 48
1496 pac 343 org 8 dst 66
1496 pac 344 org 50 dst 17
1498 pac 345 org 12 dst 60
1506 pac 346 org 71 dst 64
1507 pac 347 org 57 dst 10
1514 pac 348 org 76 dst 55
1521 pac 349 org 52 dst 44
1523 pac 350 org 56 dst 69
1529 pac 351 org 75 dst 61
1530 pac 352 org 12 dst 22
1531 pac 353 org 48 dst 19
1540 pac 354 org 34 dst 13
1540 pac 355 org 62 dst 0
1546 pac 356 org 25 dst 52
1553 pac 357 org 6 dst 24
1554 pac 358 org 13 dst 53
1563 pac 359 org 49 dst 9
1570 pac 360 org 65 dst 18
1576 pac 361 org 70 dst 42
1576 pac 362 org 17 dst 29
1583 pac 363 org 46 dst 48
1592 pac 364 org 25 dst 31
1592 pac 365 org 43 dst 8
1601 pac 366 org 1 dst 13
1604 pac 367 org 76 dst 12
1609 pac 368 org 13 dst 43
1614 pac 369 org 14 dst 29
1619 pac 370 org 30 dst 67
1624 pac 371 org 50 dst 58
1632 pac 372 org 29 dst 25
1636 pac 373 org 27 dst 46
1640 pac 374 org 43 dst 69
1648 pac 375 org 65 dst 27
1650 pac 376 org 46 dst 72
1654 pac 377 org 76 dst 70
1657 pac 378 org 42 dst 77
1660 pac 379 org 3 dst 35
1661 pac 380 org 60 dst 70
1668 pac 381 org 55 dst 38
1676 pac 382 org 69 dst 34
1679 pac 383 org 0 dst 54
1682 pac 384 org 42 dst 22
1686 pac 385 org 54 dst 2
1692 pac 386 org 64 dst 50
1696 pac 387 org 60 dst 42
1705 pac 388 org 47 dst 41
1709 pac 389 org 43 dst 9
1718 pac 390 org 24 dst 39
1721 pac 391 org 33 dst 75
1728 pac 392 org 47 dst 3
1736 pac 393 org 61 dst 13
1741 pac 394 org 70 dst 32
1749 pac 395 org 32 dst 71
1752 pac 396 org 33 dst 42
1753 pac 397 org 12 dst 11
1754 pac 398 org 17 dst 37
1755 pac 399 org 46 dst 45
1756 pac 400 org 65 dst 27
1758 pac 401 org 75 dst 74
1762 pac 402 org 15 dst 18
1768 pac 403 org 12 dst 30
1772 pac 404 org 62 dst 42
1780 pac 405 org 73 dst 60
1784 pac 406 org 44 dst 9
1792 pac 407 org 50 dst 26
1796 pac 408 org 56 dst 58
1799 pac 409 org 28 dst 64
1799 pac 410 org 58 dst 71
1804 pac 411 org 16 dst 46
1805 pac 412 org 21 dst 39
1814 pac 413 org 76 dst 53
1819 pac 414 org 59 dst 27
1827 pac 415 org 48 dst 66
1830 pac 416 org 40 dst 75
1834 pac 417 org 71 dst 39
1836 pac 418 org 70 dst 60
1844 pac 419 org 4 dst 18
1846 pac 420 org 33 dst 37
1852 pac 421 org 48 dst 19
1856 pac 422 org 40 dst 43
1856 pac 423 org 25 dst 13
1862 pac 424 org 23 dst 69
1871 pac 425 org 40 dst 46
1877 pac 426 org 41 dst 0
1885 pac 427 org 40 dst 12
1893 pac 428 org 58 dst 43
1896 pac 429 org 59 dst 35
1896 pac 430 org 5 dst 39
1904 pac 431 org 61 dst 13
1912 pac 432 org 1 dst 29
1916 pac 433 org 49 dst 38
1916 pac 434 org 25 dst 5
1916 pac 435 org 6 dst 4
1916 pac 436 org 8 dst 72
1925 pac 437 org 72 dst 26
1931 pac 438 org 57 dst 75
1938 pac 439 org 5 dst 22
1938 pac 440 org 75 dst 76
1946 pac 441 org 66 dst 48
1952 pac 442 org 71 dst 46
1954 pac 443 org 30 dst 67
1961 pac 444 org 58 dst 61
1968 pac 445 org 14 dst 37
1973 pac 446 org 48 dst 53
1977 pac 447 org 60 dst 71
1979 pac 448 org 63 dst 10
1983 pac 449 org 18 dst 76
1988 pac 450 org 10 dst 60
1988 pac 451 org 29 dst 42
1997 pac 452 org 67 dst 51
2005 pac 453 org 57 dst 21
2011 pac 454 org 48 dst 33
2017 pac 455 org 10 dst 48
2020 pac 456 org 77 dst 24
2028 pac 457 org 26 dst 25
2029 pac 458 org 36 dst 24
2037 pac 459 org 20 dst 18
2045 pac 460 org 14 dst 29
2048 pac 461 org 39 dst 18
2049 pac 462 org 27 dst 5
2057 pac 463 org 2 dst 64
2060 pac 464 org 25 dst 45
2063 pac 465 org 38 dst 66
2067 pac 466 org 3 dst 23
2075 pac 467 org 33 dst 48
2077 pac 468 org 42 dst 55
2086 pac 469 org 30 dst 0
2094 pac 470 org 61 dst 75
2094 pac 471 org 34 dst 63
2098 pac 472 org 51 dst 19
2105 pac 473 org 25 dst 7
2109 pac 474 org 19 dst 14
2110 pac 475 org 13 dst 16
2110 pac 476 org 52 dst 40
2119 pac 477 org 59 dst 29
2119 pac 478 org 33 dst 55
2127 pac 479 org 41 dst 4
2135 pac 480 org 59 dst 1
2143 pac 481 org 47 dst 39
2146 pac 482 org 34 dst 29
2155 pac 483 org 66 dst 25
2159 pac 484 org 18 dst 1
2162 pac 485 org 49 dst 36
2167 pac 486 org 53 dst 56
2173 pac 487 org 51 dst 23
2178 pac 488 org 35 dst 21
2180 pac 489 org 12 dst 10
2183 pac 490 org 68 dst 69
2191 pac 491 org 57 dst 73
2192 pac 492 org 20 dst 36
2198 pac 493 org 23 dst 70
2207 pac 494 org 3 dst 36
2207 pac 495 org 34 dst 28
2209 pac 496 org 31 dst 12
2218 pac 497 org 39 dst 18
2218 pac 498 org 52 dst 46
2220 pac 499 org 34 dst 77
