5
20
100
1
87
0 0 0 0 0 0 0 0 0 0 0 0 0 0 0 0 0 0 0 0 0 0 0 0 0 0 0 0 0 0 0 0 0 0 0 0 0 0 0 0 0 0 0 0 0 0 0 0 0 1 0 0 0 0 0 0 0 0 0 0 0 0 0 0 0 0 1 0 0 0 0 0 0 0 0 0 0 0 0 0 0 0 0 0 0 0 0
0 0 0 0 0 0 0 0 0 0 0 0 0 0 0 0 0 0 0 0 0 0 0 0 0 0 0 0 0 0 0 0 0 0 0 0 0 0 0 0 0 0 0 0 0 0 0 0 0 0 0 0 0 0 0 1 0 0 0 0 0 0 0 0 0 0 0 0 0 0 0 0 0 0 0 0 0 0 0 0 0 0 0 1 0 0 0
0 0 0 0 0 0 0 0 0 0 0 0 0 0 0 0 0 0 0 0 0 0 0 0 0 0 0 1 0 0 0 0 0 0 0 0 0 0 0 0 0 0 0 0 0 0 0 0 0 0 0 0 0 0 0 0 0 0 0 0 0 0 0 0 0 0 0 0 0 0 0 0 0 0 0 0 0 0 0 0 0 0 0 0 0 0 0
0 0 0 0 0 0 0 0 0 0 0 0 0 0 0 0 0 0 0 0 0 0 0 0 0 0 0 0 0 0 0 0 0 0 0 0 0 0 0 1 0 0 0 0 0 0 0 0 0 0 0 0 0 0 0 0 0 0 0 0 0 0 0 0 0 0 0 0 0 0 0 0 0 0 0 0 0 0 0 0 0 0 0 0 0 0 0
0 0 0 0 0 0 0 0 0 0 0 0 0 0 0 0 0 0 0 0 0 0 0 0 0 0 0 0 0 0 0 0 0 0 0 0 0 0 0 0 0 0 0 0 0 0 0 0 1 0 0 0 0 0 0 0 0 0 0 0 0 0 0 0 0 0 0 0 0 0 0 0 0 0 0 0 0 0 0 0 0 0 0 0 0 0 0
0 0 0 0 0 0 0 0 0 0 0 1 0 0 0 0 0 0 0 0 0 0 0 1 0 0 0 0 0 0 0 0 0 0 0 0 0 0 0 0 0 0 0 0 0 0 0 0 0 0 0 0 0 0 0 0 0 0 0 0 0 0 0 0 0 0 0 0 0 0 0 0 0 1 0 0 0 0 0 0 0 0 0 0 0 0 0
0 0 0 0 0 0 0 0 0 0 0 0 0 0 0 0 0 0 0 0 0 0 0 0 0 0 0 0 0 0 0 0 0 0 0 0 0 0 0 0 0 0 0 0 0 0 0 0 0 0 0 0 0 0 0 0 0 1 0 0 0 0 0 0 0 0 0 0 0 0 0 0 0 0 0 0 0 0 0 0 0 0 0 0 0 0 0
0 0 0 0 0 0 0 0 0 0 0 0 0 0 0 0 0 1 0 0 0 0 0 0 0 0 0 0 0 0 0 0 0 0 0 0 0 0 0 0 0 0 0 0 0 0 0 0 0 1 0 0 0 0 0 0 0 0 0 0 0 0 0 0 0 0 0 0 0 0 0 0 0 0 0 0 0 0 0 0 0 0 0 0 0 0 0
0 0 0 0 0 0 0 0 0 0 0 0 0 0 0 0 0 0 0 0 0 0 0 0 0 0 0 0 0 0 0 1 0 0 0 0 0 0 0 0 0 1 0 0 0 0 0 0 0 0 0 0 0 0 0 0 0 0 0 0 0 0 0 0 0 0 0 0 0 0 0 0 0 0 0 0 0 0 0 0 0 0 0 0 0 0 0
0 0 0 0 0 0 0 0 0 0 0 0 0 0 0 0 0 0 0 0 0 0 0 0 0 0 0 0 0 0 0 0 0 0 0 0 0 0 0 0 0 0 0 0 0 0 0 0 0 0 0 0 0 0 0 0 0 0 0 0 0 0 0 0 0 0 0 0 0 0 0 0 0 0 0 0 1 0 0 0 0 0 0 0 0 0 1
0 0 0 0 0 0 0 0 0 0 0 0 0 0 1 0 0 0 0 0 0 0 0 0 0 0 0 0 0 0 0 0 0 0 0 0 0 0 0 0 0 0 0 0 0 0 0 0 0 0 0 0 0 0 0 0 0 0 0 0 0 0 0 0 0 1 0 0 0 0 0 0 0 0 0 0 0 0 0 0 0 0 0 0 0 0 0
0 0 0 0 0 1 0 0 0 0 0 0 0 0 0 0 0 0 0 0 0 0 0 0 0 0 0 0 0 0 0 0 0 0 0 0 0 0 0 0 0 0 0 0 0 0 0 0 0 0 0 0 0 0 0 0 0 0 0 0 0 0 0 0 0 0 0 0 0 0 0 0 0 0 0 0 0 0 0 0 0 0 0 0 0 0 0
0 0 0 0 0 0 0 0 0 0 0 0 0 0 0 0 0 0 0 0 0 0 0 0 0 0 0 0 0 0 0 0 0 0 0 0 0 0 0 0 0 0 0 0 0 0 0 0 0 0 0 0 0 0 0 0 0 0 0 0 0 0 0 0 0 0 0 0 0 0 1 0 0 0 0 0 0 0 0 0 0 0 0 0 0 0 0
0 0 0 0 0 0 0 0 0 0 0 0 0 0 0 0 0 0 0 0 0 0 0 0 0 0 0 0 0 0 0 0 0 0 0 0 0 0 0 0 0 0 0 0 0 0 0 0 0 0 0 0 0 0 0 0 0 0 0 1 0 0 0 0 0 0 0 0 0 0 0 0 0 0 0 0 0 0 0 0 0 0 1 0 0 0 0
0 0 0 0 0 0 0 0 0 0 1 0 0 0 0 0 0 0 0 0 0 0 0 0 0 0 0 0 0 0 0 0 0 0 0 0 0 0 0 0 0 0 0 0 0 0 0 0 0 0 0 0 0 0 0 0 0 0 0 0 0 0 0 0 0 0 0 0 0 0 0 0 0 0 0 0 0 0 0 0 0 0 0 0 1 0 0
0 0 0 0 0 0 0 0 0 0 0 0 0 0 0 0 0 0 1 0 0 0 0 0 0 0 0 0 0 0 0 0 0 0 0 0 0 0 0 0 0 0 0 0 0 0 0 0 0 0 0 0 0 0 0 0 0 0 0 0 0 0 0 0 0 0 0 0 0 0 0 0 0 0 0 0 0 0 0 0 0 0 0 0 0 0 0
0 0 0 0 0 0 0 0 0 0 0 0 0 0 0 0 0 0 0 0 0 0 0 0 0 0 0 0 0 0 0 0 0 0 0 0 0 0 0 0 0 0 0 0 0 0 0 0 0 0 0 1 0 0 0 0 0 0 0 0 0 0 0 0 0 0 0 0 0 0 0 0 0 0 0 0 0 0 0 0 0 0 0 0 0 0 1
0 0 0 0 0 0 0 1 0 0 0 0 0 0 0 0 0 0 0 0 0 0 0 0 0 0 0 0 0 0 0 0 0 0 0 0 0 0 0 0 0 0 0 0 0 0 0 1 0 0 0 0 0 0 0 0 0 0 0 0 0 0 0 0 0 0 0 0 0 0 0 0 0 0 0 0 0 0 0 0 0 0 0 0 0 0 0
0 0 0 0 0 0 0 0 0 0 0 0 0 0 0 1 0 0 0 0 0 0 0 0 0 0 0 0 0 0 0 0 0 0 0 0 0 0 0 0 0 0 0 0 0 0 0 0 0 0 1 0 0 0 1 0 0 0 0 0 0 0 0 0 0 0 0 0 0 0 0 0 0 0 0 0 0 0 0 0 0 0 0 0 0 0 0
0 0 0 0 0 0 0 0 0 0 0 0 0 0 0 0 0 0 0 0 0 0 0 0 0 0 0 0 0 0 0 0 0 0 0 0 0 0 0 0 0 0 0 0 0 1 0 0 0 0 0 0 0 0 0 0 0 0 0 0 1 0 0 0 0 0 0 0 0 1 0 0 0 0 0 0 0 0 0 0 0 0 0 0 0 0 0
0 0 0 0 0 0 0 0 0 0 0 0 0 0 0 0 0 0 0 0 0 0 0 0 0 0 0 0 0 0 0 0 0 0 0 0 0 0 0 0 0 0 0 1 0 0 0 0 0 0 0 0 0 0 0 0 0 0 0 0 0 0 0 0 0 0 0 0 0 0 0 0 0 0 0 0 0 0 0 0 0 0 0 0 0 0 0
0 0 0 0 0 0 0 0 0 0 0 0 0 0 0 0 0 0 0 0 0 0 0 0 0 0 0 0 0 0 0 0 0 0 0 0 0 0 0 0 0 0 1 0 0 0 0 0 0 0 0 0 0 0 0 0 0 0 0 0 0 0 0 0 0 0 0 0 0 0 0 0 0 0 0 0 0 0 0 1 0 0 0 0 0 0 0
0 0 0 0 0 0 0 0 0 0 0 0 0 0 0 0 0 0 0 0 0 0 0 0 0 0 0 0 1 0 0 0 0 0 0 0 0 0 0 0 0 0 0 0 0 0 0 0 0 0 0 0 0 0 0 0 0 0 0 0 0 0 0 0 0 0 0 0 0 0 0 0 0 0 0 0 0 0 0 0 0 1 0 0 0 0 0
0 0 0 0 0 1 0 0 0 0 0 0 0 0 0 0 0 0 0 0 0 0 0 0 0 0 0 0 0 0 0 0 0 0 0 0 1 0 0 0 0 1 0 0 0 0 0 0 0 0 0 0 0 0 0 0 0 0 0 0 0 0 0 0 0 0 0 0 0 0 0 0 0 0 0 0 0 0 0 0 0 0 1 0 0 0 0
0 0 0 0 0 0 0 0 0 0 0 0 0 0 0 0 0 0 0 0 0 0 0 0 0 0 0 0 0 0 0 0 0 0 0 0 0 0 0 0 0 0 0 0 0 0 0 0 0 0 0 0 0 0 0 0 0 0 0 0 0 1 0 0 0 0 0 0 0 0 0 0 0 0 0 0 0 0 0 0 0 0 0 0 0 0 0
0 0 0 0 0 0 0 0 0 0 0 0 0 0 0 0 0 0 0 0 0 0 0 0 0 0 0 0 0 0 0 0 0 0 0 0 0 0 0 0 0 0 0 0 0 0 0 0 0 0 0 0 0 0 0 0 1 0 0 0 0 1 0 0 0 0 0 0 0 0 0 0 0 0 0 0 0 0 0 0 0 0 0 0 0 0 0
0 0 0 0 0 0 0 0 0 0 0 0 0 0 0 0 0 0 0 0 0 0 0 0 0 0 0 0 0 0 0 0 0 0 0 0 0 0 0 0 0 0 0 0 0 0 0 0 0 0 0 0 0 0 0 0 0 0 1 0 0 0 0 0 0 0 0 0 0 0 0 0 0 0 0 0 0 0 0 0 0 0 0 0 0 0 0
0 0 1 0 0 0 0 0 0 0 0 0 0 0 0 0 0 0 0 0 0 0 0 0 0 0 0 0 0 0 0 0 0 0 0 0 0 0 1 0 0 0 0 0 0 0 0 0 0 0 0 0 0 0 0 0 0 0 0 0 0 0 0 0 0 0 0 0 0 0 0 1 0 0 0 0 0 0 0 0 0 0 0 0 0 1 0
0 0 0 0 0 0 0 0 0 0 0 0 0 0 0 0 0 0 0 0 0 0 1 0 0 0 0 0 0 0 0 0 0 0 0 0 0 0 0 0 0 0 0 0 0 0 0 0 0 0 0 0 0 0 0 0 0 0 0 0 0 0 0 0 0 0 0 0 0 0 0 0 0 0 0 0 0 0 0 1 0 0 0 0 0 0 0
0 0 0 0 0 0 0 0 0 0 0 0 0 0 0 0 0 0 0 0 0 0 0 0 0 0 0 0 0 0 0 0 0 0 0 0 0 0 0 0 0 0 0 0 0 0 0 0 0 0 1 0 0 0 0 0 0 0 0 0 0 0 0 0 0 0 0 0 0 0 0 0 1 0 0 0 0 0 0 0 0 1 0 0 0 0 0
0 0 0 0 0 0 0 0 0 0 0 0 0 0 0 0 0 0 0 0 0 0 0 0 0 0 0 0 0 0 0 0 0 0 0 0 0 0 0 0 0 0 0 0 0 0 0 0 0 1 0 0 0 0 0 0 0 0 0 0 0 0 0 0 0 0 0 0 0 0 0 0 0 0 0 0 0 0 0 0 0 0 0 0 0 0 1
0 0 0 0 0 0 0 0 1 0 0 0 0 0 0 0 0 0 0 0 0 0 0 0 0 0 0 0 0 0 0 0 0 0 0 0 0 0 0 0 0 0 0 0 0 0 0 0 0 0 0 0 0 0 0 0 0 0 0 0 0 0 0 0 0 1 0 0 0 0 0 0 0 0 0 0 0 0 0 0 0 0 0 0 0 0 0
0 0 0 0 0 0 0 0 0 0 0 0 0 0 0 0 0 0 0 0 0 0 0 0 0 0 0 0 0 0 0 0 0 0 0 0 0 0 0 0 0 0 0 0 0 0 0 0 0 1 0 0 1 0 0 0 0 0 0 0 0 0 0 0 1 0 0 0 0 0 0 0 0 0 0 0 0 0 1 0 0 0 0 0 0 0 0
0 0 0 0 0 0 0 0 0 0 0 0 0 0 0 0 0 0 0 0 0 0 0 0 0 0 0 0 0 0 0 0 0 0 0 0 0 0 0 0 0 0 0 0 0 0 0 0 0 0 0 0 0 0 0 0 0 0 0 0 0 0 0 0 0 0 0 0 0 0 0 0 0 0 0 0 0 0 0 0 0 0 0 0 0 1 0
0 0 0 0 0 0 0 0 0 0 0 0 0 0 0 0 0 0 0 0 0 0 0 0 0 0 0 0 0 0 0 0 0 0 0 0 0 0 0 0 0 0 0 0 0 0 0 0 0 0 0 0 0 0 0 0 0 0 0 0 0 0 0 0 0 0 0 0 0 0 0 0 0 0 0 0 0 0 1 0 0 0 0 0 0 0 0
0 0 0 0 0 0 0 0 0 0 0 0 0 0 0 0 0 0 0 0 0 0 0 0 0 0 0 0 0 0 0 0 0 0 0 0 0 0 0 0 0 0 0 0 0 0 0 0 0 0 0 0 0 0 0 0 0 0 0 0 1 0 0 0 0 0 0 0 1 0 0 0 0 0 0 0 0 0 0 0 0 0 0 0 0 0 0
0 0 0 0 0 0 0 0 0 0 0 0 0 0 0 0 0 0 0 0 0 0 0 1 0 0 0 0 0 0 0 0 0 0 0 0 0 0 0 0 0 0 0 0 0 0 0 0 0 0 0 0 0 0 0 0 0 0 0 0 0 0 0 0 0 0 0 0 0 0 0 0 0 0 0 0 0 0 0 0 0 0 0 0 0 0 0
0 0 0 0 0 0 0 0 0 0 0 0 0 0 0 0 0 0 0 0 0 0 0 0 0 0 0 0 0 0 0 0 0 0 0 0 0 0 0 0 0 0 0 1 0 0 0 0 0 0 0 0 0 0 0 0 0 0 0 0 0 0 0 0 0 0 0 0 0 0 0 0 0 0 0 0 0 1 0 0 0 0 0 0 0 0 0
0 0 0 0 0 0 0 0 0 0 0 0 0 0 0 0 0 0 0 0 0 0 0 0 0 0 0 1 0 0 0 0 0 0 0 0 0 0 0 0 0 0 0 0 0 0 0 0 0 0 0 0 0 0 0 0 0 0 0 0 0 0 0 0 0 0 0 0 0 0 0 0 0 0 0 0 0 0 0 0 0 0 0 0 0 0 0
0 0 0 1 0 0 0 0 0 0 0 0 0 0 0 0 0 0 0 0 0 0 0 0 0 0 0 0 0 0 0 0 0 0 0 0 0 0 0 0 0 0 0 0 0 0 0 0 0 0 0 0 0 0 0 0 0 0 0 0 0 0 1 0 0 0 0 0 0 0 0 0 0 0 0 0 0 0 0 0 0 0 0 0 0 0 0
0 0 0 0 0 0 0 0 0 0 0 0 0 0 0 0 0 0 0 0 0 0 0 0 0 0 0 0 0 0 0 0 0 0 0 0 0 0 0 0 0 0 0 0 0 0 0 0 1 0 0 0 0 0 0 0 0 0 0 0 0 0 0 0 0 0 0 0 0 0 0 0 0 0 0 0 0 0 0 0 0 0 0 0 0 0 0
0 0 0 0 0 0 0 0 1 0 0 0 0 0 0 0 0 0 0 0 0 0 0 1 0 0 0 0 0 0 0 0 0 0 0 0 0 0 0 0 0 0 0 0 0 0 0 0 0 0 0 0 0 0 0 0 0 0 0 0 0 0 0 0 0 0 0 0 0 0 0 0 0 0 0 0 0 0 0 0 0 0 0 0 0 0 0
0 0 0 0 0 0 0 0 0 0 0 0 0 0 0 0 0 0 0 0 0 1 0 0 0 0 0 0 0 0 0 0 0 0 0 0 0 0 0 0 0 0 0 0 0 0 0 0 0 0 0 0 0 0 0 0 0 0 0 0 0 0 0 0 0 0 0 0 0 0 0 0 0 0 0 0 0 0 0 0 0 0 0 0 0 0 0
0 0 0 0 0 0 0 0 0 0 0 0 0 0 0 0 0 0 0 0 1 0 0 0 0 0 0 0 0 0 0 0 0 0 0 0 0 1 0 0 0 0 0 0 0 0 0 0 0 0 0 0 0 0 0 0 0 0 0 0 0 0 0 0 0 0 0 0 0 0 0 0 0 0 0 1 0 0 0 0 0 0 0 0 0 0 0
0 0 0 0 0 0 0 0 0 0 0 0 0 0 0 0 0 0 0 0 0 0 0 0 0 0 0 0 0 0 0 0 0 0 0 0 0 0 0 0 0 0 0 0 0 0 0 0 1 1 0 0 0 0 0 0 0 0 0 0 0 0 0 0 0 0 0 0 0 0 0 0 0 0 0 0 0 0 0 0 0 0 0 0 0 0 0
0 0 0 0 0 0 0 0 0 0 0 0 0 0 0 0 0 0 0 1 0 0 0 0 0 0 0 0 0 0 0 0 0 0 0 0 0 0 0 0 0 0 0 0 0 0 0 0 0 0 0 0 0 1 0 0 0 0 0 0 0 0 0 0 0 0 0 0 0 0 0 0 0 0 0 0 0 0 0 0 0 0 0 0 0 0 0
0 0 0 0 0 0 0 0 0 0 0 0 0 0 0 0 0 0 0 0 0 0 0 0 0 0 0 0 0 0 0 0 0 0 0 0 0 0 0 0 0 0 0 0 0 0 0 0 0 0 0 0 0 0 0 0 1 0 0 0 0 0 0 0 0 0 0 0 0 0 0 0 0 0 0 0 0 0 0 0 0 0 0 0 0 0 0
0 0 0 0 0 0 0 0 0 0 0 0 0 0 0 0 0 1 0 0 0 0 0 0 0 0 0 0 0 0 0 0 0 0 0 0 0 0 0 0 0 0 0 0 0 0 0 0 0 0 0 0 0 0 0 0 0 0 0 0 0 0 0 0 0 0 0 0 0 0 0 0 0 0 0 0 0 0 0 0 0 0 0 0 0 0 0
0 0 0 0 1 0 0 0 0 0 0 0 0 0 0 0 0 0 0 0 0 0 0 0 0 0 0 0 0 0 0 0 0 0 0 0 0 0 0 0 1 0 0 0 1 0 0 0 0 0 0 0 0 0 0 0 0 0 0 0 0 0 0 0 0 0 0 0 0 0 0 0 0 0 0 0 0 0 0 0 1 0 0 0 0 0 0
1 0 0 0 0 0 0 1 0 0 0 0 0 0 0 0 0 0 0 0 0 0 0 0 0 0 0 0 0 0 1 0 1 0 0 0 0 0 0 0 0 0 0 0 1 0 0 0 0 0 0 0 0 0 0 0 0 0 0 0 0 0 0 0 0 0 0 0 0 0 0 0 0 0 0 0 0 0 0 0 0 0 0 0 0 1 0
0 0 0 0 0 0 0 0 0 0 0 0 0 0 0 0 0 0 1 0 0 0 0 0 0 0 0 0 0 1 0 0 0 0 0 0 0 0 0 0 0 0 0 0 0 0 0 0 0 0 0 0 0 0 0 0 0 0 0 0 0 0 0 0 0 0 0 0 0 0 0 0 0 0 0 0 0 0 0 0 0 0 0 0 0 0 0
0 0 0 0 0 0 0 0 0 0 0 0 0 0 0 0 1 0 0 0 0 0 0 0 0 0 0 0 0 0 0 0 0 0 0 0 0 0 0 0 0 0 0 0 0 0 0 0 0 0 0 0 0 0 0 0 0 0 0 0 0 0 0 0 0 0 0 0 0 0 0 0 0 0 0 0 0 1 0 0 0 1 0 0 0 0 0
0 0 0 0 0 0 0 0 0 0 0 0 0 0 0 0 0 0 0 0 0 0 0 0 0 0 0 0 0 0 0 0 1 0 0 0 0 0 0 0 0 0 0 0 0 0 0 0 0 0 0 0 0 0 0 0 0 0 0 0 0 0 0 0 0 0 0 0 0 0 0 0 0 0 0 0 0 0 0 0 0 0 0 0 0 0 0
0 0 0 0 0 0 0 0 0 0 0 0 0 0 0 0 0 0 0 0 0 0 0 0 0 0 0 0 0 0 0 0 0 0 0 0 0 0 0 0 0 0 0 0 0 1 0 0 0 0 0 0 0 0 0 0 0 0 0 0 0 0 0 0 0 0 0 0 0 0 0 0 0 0 0 0 0 0 0 0 0 0 0 0 0 0 0
0 0 0 0 0 0 0 0 0 0 0 0 0 0 0 0 0 0 1 0 0 0 0 0 0 0 0 0 0 0 0 0 0 0 0 0 0 0 0 0 0 0 0 0 0 0 0 0 0 0 0 0 0 0 0 0 0 0 0 0 0 0 0 0 0 0 0 0 0 0 0 0 0 0 1 0 0 0 0 0 0 0 0 0 0 0 0
0 1 0 0 0 0 0 0 0 0 0 0 0 0 0 0 0 0 0 0 0 0 0 0 0 0 0 0 0 0 0 0 0 0 0 0 0 0 0 0 0 0 0 0 0 0 0 0 0 0 0 0 0 0 0 0 0 0 0 0 0 0 0 0 0 0 0 0 0 0 0 0 0 0 0 0 0 0 0 0 0 0 0 0 0 0 0
0 0 0 0 0 0 0 0 0 0 0 0 0 0 0 0 0 0 0 0 0 0 0 0 0 1 0 0 0 0 0 0 0 0 0 0 0 0 0 0 0 0 0 0 0 0 1 0 0 0 0 0 0 0 0 0 0 0 0 0 0 0 0 0 0 0 0 0 0 0 1 0 0 0 0 0 0 0 0 0 0 0 1 1 0 0 0
0 0 0 0 0 0 1 0 0 0 0 0 0 0 0 0 0 0 0 0 0 0 0 0 0 0 0 0 0 0 0 0 0 0 0 0 0 0 0 0 0 0 0 0 0 0 0 0 0 0 0 0 0 0 0 0 0 0 0 0 0 1 0 1 0 0 0 0 0 0 0 0 0 0 0 0 0 0 0 0 0 1 0 0 0 0 0
0 0 0 0 0 0 0 0 0 0 0 0 0 0 0 0 0 0 0 0 0 0 0 0 0 0 1 0 0 0 0 0 0 0 0 0 0 0 0 0 0 0 0 0 0 0 0 0 0 0 0 0 0 0 0 0 0 0 0 0 0 0 0 0 0 0 1 0 0 0 0 0 0 0 0 0 0 0 0 0 0 0 0 0 0 0 0
0 0 0 0 0 0 0 0 0 0 0 0 0 1 0 0 0 0 0 0 0 0 0 0 0 0 0 0 0 0 0 0 0 0 0 0 0 0 0 0 0 0 0 0 0 0 0 0 0 0 0 0 0 0 0 0 0 0 0 0 0 0 0 0 0 0 0 0 0 0 0 0 0 0 0 0 0 0 0 0 0 0 0 0 0 0 0
0 0 0 0 0 0 0 0 0 0 0 0 0 0 0 0 0 0 0 1 0 0 0 0 0 0 0 0 0 0 0 0 0 0 0 1 0 0 0 0 0 0 0 0 0 0 0 0 0 0 0 0 0 0 0 0 0 0 0 0 0 0 0 0 0 0 0 0 0 0 0 0 0 0 0 0 1 0 0 0 0 0 0 0 0 0 0
0 0 0 0 0 0 0 0 0 0 0 0 0 0 0 0 0 0 0 0 0 0 0 0 1 1 0 0 0 0 0 0 0 0 0 0 0 0 0 0 0 0 0 0 0 0 0 0 0 0 0 0 0 0 0 0 0 1 0 0 0 0 0 0 0 0 0 0 0 0 0 0 0 0 0 0 0 0 0 0 0 0 0 0 0 0 0
0 0 0 0 0 0 0 0 0 0 0 0 0 0 0 0 0 0 0 0 0 0 0 0 0 0 0 0 0 0 0 0 0 0 0 0 0 0 0 1 0 0 0 0 0 0 0 0 0 0 0 0 0 0 0 0 0 0 0 0 0 0 0 0 0 0 0 0 0 0 0 0 0 0 0 0 0 0 1 0 0 0 0 0 0 0 0
0 0 0 0 0 0 0 0 0 0 0 0 0 0 0 0 0 0 0 0 0 0 0 0 0 0 0 0 0 0 0 0 0 0 0 0 0 0 0 0 0 0 0 0 0 0 0 0 0 0 0 0 0 0 0 0 0 1 0 0 0 0 0 0 0 0 0 0 0 0 0 0 0 0 0 0 0 0 0 0 0 0 0 0 0 0 0
0 0 0 0 0 0 0 0 0 0 0 0 0 0 0 0 0 0 0 0 0 0 0 0 0 0 0 0 0 0 0 0 1 0 0 0 0 0 0 0 0 0 0 0 0 0 0 0 0 0 0 0 0 0 0 0 0 0 0 0 0 0 0 0 0 0 0 0 0 0 0 0 0 0 0 0 0 0 0 0 0 0 0 0 0 0 0
0 0 0 0 0 0 0 0 0 0 1 0 0 0 0 0 0 0 0 0 0 0 0 0 0 0 0 0 0 0 0 1 0 0 0 0 0 0 0 0 0 0 0 0 0 0 0 0 0 0 0 0 0 0 0 0 0 0 0 0 0 0 0 0 0 0 0 0 0 0 0 0 0 0 0 0 0 0 0 0 0 0 0 0 0 0 0
1 0 0 0 0 0 0 0 0 0 0 0 0 0 0 0 0 0 0 0 0 0 0 0 0 0 0 0 0 0 0 0 0 0 0 0 0 0 0 0 0 0 0 0 0 0 0 0 0 0 0 0 0 0 0 0 0 0 1 0 0 0 0 0 0 0 0 0 0 0 0 0 0 0 0 0 0 0 0 0 0 0 0 0 0 0 0
0 0 0 0 0 0 0 0 0 0 0 0 0 0 0 0 0 0 0 0 0 0 0 0 0 0 0 0 0 0 0 0 0 0 0 0 0 0 0 0 0 0 0 0 0 0 0 0 0 0 0 0 0 0 0 0 0 0 0 0 0 0 0 0 0 0 0 0 0 0 1 0 0 0 0 0 0 0 0 0 0 0 0 0 0 0 0
0 0 0 0 0 0 0 0 0 0 0 0 0 0 0 0 0 0 0 0 0 0 0 0 0 0 0 0 0 0 0 0 0 0 0 1 0 0 0 0 0 0 0 0 0 0 0 0 0 0 0 0 0 0 0 0 0 0 0 0 0 0 0 0 0 0 0 0 0 0 0 0 0 0 0 0 0 0 0 0 0 0 0 0 0 0 0
0 0 0 0 0 0 0 0 0 0 0 0 0 0 0 0 0 0 0 1 0 0 0 0 0 0 0 0 0 0 0 0 0 0 0 0 0 0 0 0 0 0 0 0 0 0 0 0 0 0 0 0 0 0 0 0 0 0 0 0 0 0 0 0 0 0 0 0 0 0 0 0 0 0 0 0 0 0 0 0 0 0 0 0 0 0 0
0 0 0 0 0 0 0 0 0 0 0 0 1 0 0 0 0 0 0 0 0 0 0 0 0 0 0 0 0 0 0 0 0 0 0 0 0 0 0 0 0 0 0 0 0 0 0 0 0 0 0 0 0 0 0 0 1 0 0 0 0 0 0 0 0 0 0 1 0 0 0 0 0 0 0 0 0 0 0 0 0 0 0 0 0 0 0
0 0 0 0 0 0 0 0 0 0 0 0 0 0 0 0 0 0 0 0 0 0 0 0 0 0 0 1 0 0 0 0 0 0 0 0 0 0 0 0 0 0 0 0 0 0 0 0 0 0 0 0 0 0 0 0 0 0 0 0 0 0 0 0 0 0 0 0 0 0 0 0 0 0 0 0 0 0 0 0 0 0 0 0 0 0 0
0 0 0 0 0 0 0 0 0 0 0 0 0 0 0 0 0 0 0 0 0 0 0 0 0 0 0 0 0 1 0 0 0 0 0 0 0 0 0 0 0 0 0 0 0 0 0 0 0 0 0 0 0 0 0 0 0 0 0 0 0 0 0 0 0 0 0 0 0 0 0 0 0 0 0 0 0 0 0 0 0 0 0 0 0 0 0
0 0 0 0 0 1 0 0 0 0 0 0 0 0 0 0 0 0 0 0 0 0 0 0 0 0 0 0 0 0 0 0 0 0 0 0 0 0 0 0 0 0 0 0 0 0 0 0 0 0 0 0 0 0 0 0 0 0 0 0 0 0 0 0 0 0 0 0 0 0 0 0 0 0 0 0 0 0 0 0 0 0 0 0 0 0 0
0 0 0 0 0 0 0 0 0 0 0 0 0 0 0 0 0 0 0 0 0 0 0 0 0 0 0 0 0 0 0 0 0 0 0 0 0 0 0 0 0 0 0 0 0 0 0 0 0 0 0 0 0 0 1 0 0 0 0 0 0 0 0 0 0 0 0 0 0 0 0 0 0 0 0 0 0 0 0 0 0 0 0 0 0 0 0
0 0 0 0 0 0 0 0 0 0 0 0 0 0 0 0 0 0 0 0 0 0 0 0 0 0 0 0 0 0 0 0 0 0 0 0 0 0 0 0 0 0 0 1 0 0 0 0 0 0 0 0 0 0 0 0 0 0 0 0 0 0 0 0 0 0 0 0 0 0 0 0 0 0 0 0 0 0 0 0 0 0 0 0 0 0 0
0 0 0 0 0 0 0 0 0 1 0 0 0 0 0 0 0 0 0 0 0 0 0 0 0 0 0 0 0 0 0 0 0 0 0 0 0 0 0 0 0 0 0 0 0 0 0 0 0 0 0 0 0 0 0 0 0 0 0 0 1 0 0 0 0 0 0 0 0 0 0 0 0 0 0 0 0 0 0 0 0 0 0 0 0 0 0
0 0 0 0 0 0 0 0 0 0 0 0 0 0 0 0 0 0 0 0 0 0 0 0 0 0 0 0 0 0 0 0 0 0 0 0 0 1 0 0 0 0 0 0 0 0 0 0 0 0 0 1 0 0 0 0 0 0 0 0 0 0 0 0 0 0 0 0 0 0 0 0 0 0 0 0 0 0 0 0 0 0 0 0 0 0 0
0 0 0 0 0 0 0 0 0 0 0 0 0 0 0 0 0 0 0 0 0 0 0 0 0 0 0 0 0 0 0 0 1 0 1 0 0 0 0 0 0 0 0 0 0 0 0 0 0 0 0 0 0 0 0 0 0 0 0 0 0 0 1 0 0 0 0 0 0 0 0 0 0 0 0 0 0 0 0 0 0 0 0 0 0 0 0
0 0 0 0 0 0 0 0 0 0 0 0 0 0 0 0 0 0 0 0 0 1 0 0 0 0 0 0 1 0 0 0 0 0 0 0 0 0 0 0 0 0 0 0 0 0 0 0 0 0 0 0 0 0 0 0 0 0 0 0 0 0 0 0 0 0 0 0 0 0 0 0 0 0 0 0 0 0 0 0 0 0 0 0 0 0 0
0 0 0 0 0 0 0 0 0 0 0 0 0 0 0 0 0 0 0 0 0 0 0 0 0 0 0 0 0 0 0 0 0 0 0 0 0 0 0 0 0 0 0 0 0 0 0 0 1 0 0 0 0 0 0 0 0 0 0 0 0 0 0 0 0 0 0 0 0 0 0 0 0 0 0 0 0 0 0 0 0 0 0 0 0 0 0
0 0 0 0 0 0 0 0 0 0 0 0 0 0 0 0 0 0 0 0 0 0 1 0 0 0 0 0 0 1 0 0 0 0 0 0 0 0 0 0 0 0 0 0 0 0 0 0 0 0 0 1 0 0 0 0 0 1 0 0 0 0 0 0 0 0 0 0 0 0 0 0 0 0 0 0 0 0 0 0 0 0 0 0 0 0 0
0 0 0 0 0 0 0 0 0 0 0 0 0 1 0 0 0 0 0 0 0 0 0 1 0 0 0 0 0 0 0 0 0 0 0 0 0 0 0 0 0 0 0 0 0 0 0 0 0 0 0 0 0 0 0 0 1 0 0 0 0 0 0 0 0 0 0 0 0 0 0 0 0 0 0 0 0 0 0 0 0 0 0 0 0 0 0
0 1 0 0 0 0 0 0 0 0 0 0 0 0 0 0 0 0 0 0 0 0 0 0 0 0 0 0 0 0 0 0 0 0 0 0 0 0 0 0 0 0 0 0 0 0 0 0 0 0 0 0 0 0 0 0 1 0 0 0 0 0 0 0 0 0 0 0 0 0 0 0 0 0 0 0 0 0 0 0 0 0 0 0 0 0 0
0 0 0 0 0 0 0 0 0 0 0 0 0 0 1 0 0 0 0 0 0 0 0 0 0 0 0 0 0 0 0 0 0 0 0 0 0 0 0 0 0 0 0 0 0 0 0 0 0 0 0 0 0 0 0 0 0 0 0 0 0 0 0 0 0 0 0 0 0 0 0 0 0 0 0 0 0 0 0 0 0 0 0 0 0 0 0
0 0 0 0 0 0 0 0 0 0 0 0 0 0 0 0 0 0 0 0 0 0 0 0 0 0 0 1 0 0 0 0 0 1 0 0 0 0 0 0 0 0 0 0 0 0 0 0 0 1 0 0 0 0 0 0 0 0 0 0 0 0 0 0 0 0 0 0 0 0 0 0 0 0 0 0 0 0 0 0 0 0 0 0 0 0 0
0 0 0 0 0 0 0 0 0 1 0 0 0 0 0 0 1 0 0 0 0 0 0 0 0 0 0 0 0 0 1 0 0 0 0 0 0 0 0 0 0 0 0 0 0 0 0 0 0 0 0 0 0 0 0 0 0 0 0 0 0 0 0 0 0 0 0 0 0 0 0 0 0 0 0 0 0 0 0 0 0 0 0 0 0 0 0
500
6 pac 0 org 46 dst 37
13 pac 1 org 42 dst 28
15 pac 2 org 82 dst 10
15 pac 3 org 54 dst 71
22 pac 4 org 26 dst 0
23 pac 5 org 35 dst 63
26 pac 6 org 83 dst 61
35 pac 7 org 71 dst 62
44 pac 8 org 25 dst 35
52 pac 9 org 76 dst 56
52 pac 10 org 65 dst 7
58 pac 11 org 5 dst 32
59 pac 12 org 9 dst 58
60 pac 13 org 13 dst 33
68 pac 14 org 56 dst 8
70 pac 15 org 35 dst 73
71 pac 16 org 31 dst 1
80 pac 17 org 36 dst 4
89 pac 18 org 12 dst 18
92 pac 19 org 54 dst 29
99 pac 20 org 46 dst 80
105 pac 21 org 62 dst 45
110 pac 22 org 72 dst 26
116 pac 23 org 77 dst 1
116 pac 24 org 15 dst 3
121 pac 25 org 43 dst 10
128 pac 26 org 11 dst 46
134 pac 27 org 84 dst 32
134 pac 28 org 82 dst 37
137 pac 29 org 36 dst 11
145 pac 30 org 9 dst 38
147 pac 31 org 74 dst 38
149 pac 32 org 22 dst 41
155 pac 33 org 86 dst 35
158 pac 34 org 54 dst 62
161 pac 35 org 86 dst 47
166 pac 36 org 65 dst 39
167 pac 37 org 55 dst 14
174 pac 38 org 1 dst 56
178 pac 39 org 39 dst 43
178 pac 40 org 67 dst 44
182 pac 41 org 86 dst 65
184 pac 42 org 7 dst 1
185 pac 43 org 42 dst 74
192 pac 44 org 13 dst 29
192 pac 45 org 34 dst 31
201 pac 46 org 82 dst 14
202 pac 47 org 52 dst 28
206 pac 48 org 43 dst 84
214 pac 49 org 10 dst 45
216 pac 50 org 55 dst 7
222 pac 51 org 75 dst 68
230 pac 52 org 9 dst 52
238 pac 53 org 75 dst 78
240 pac 54 org 23 dst 53
242 pac 55 org 35 dst 2
247 pac 56 org 68 dst 64
249 pac 57 org 45 dst 31
257 pac 58 org 69 dst 38
264 pac 59 org 19 dst 65
264 pac 60 org 24 dst 82
271 pac 61 org 63 dst 39
278 pac 62 org 39 dst 17
285 pac 63 org 4 dst 40
287 pac 64 org 3 dst 4
287 pac 65 org 34 dst 32
294 pac 66 org 44 dst 12
301 pac 67 org 36 dst 74
308 pac 68 org 41 dst 19
315 pac 69 org 41 dst 43
315 pac 70 org 61 dst 15
321 pac 71 org 42 dst 32
330 pac 72 org 76 dst 63
331 pac 73 org 15 dst 86
338 pac 74 org 45 dst 79
347 pac 75 org 0 dst 37
351 pac 76 org 20 dst 21
354 pac 77 org 40 dst 60
357 pac 78 org 2 dst 45
358 pac 79 org 20 dst 21
360 pac 80 org 30 dst 3
361 pac 81 org 67 dst 49
368 pac 82 org 68 dst 14
372 pac 83 org 64 dst 43
380 pac 84 org 71 dst 30
381 pac 85 org 35 dst 14
387 pac 86 org 13 dst 55
394 pac 87 org 25 dst 2
395 pac 88 org 17 dst 27
396 pac 89 org 55 dst 74
399 pac 90 org 7 dst 74
407 pac 91 org 6 dst 9
408 pac 92 org 74 dst 33
408 pac 93 org 83 dst 13
415 pac 94 org 0 dst 1
421 pac 95 org 60 dst 17
426 pac 96 org 16 dst 58
434 pac 97 org 52 dst 19
435 pac 98 org 45 dst 71
439 pac 99 org 65 dst 20
446 pac 100 org 60 dst 44
450 pac 101 org 46 dst 61
450 pac 102 org 4 dst 37
457 pac 103 org 63 dst 69
462 pac 104 org 77 dst 61
462 pac 105 org 47 dst 32
462 pac 106 org 42 dst 69
462 pac 107 org 18 dst 54
463 pac 108 org 7 dst 56
467 pac 109 org 5 dst 69
473 pac 110 org 80 dst 57
482 pac 111 org 8 dst 76
484 pac 112 org 72 dst 57
489 pac 113 org 84 dst 40
494 pac 114 org 9 dst 5
497 pac 115 org 54 dst 46
506 pac 116 org 0 dst 62
506 pac 117 org 35 dst 78
510 pac 118 org 33 dst 63
514 pac 119 org 26 dst 9
523 pac 120 org 48 dst 78
529 pac 121 org 51 dst 44
532 pac 122 org 35 dst 69
533 pac 123 org 43 dst 17
539 pac 124 org 37 dst 81
543 pac 125 org 86 dst 31
549 pac 126 org 45 dst 13
555 pac 127 org 71 dst 1
558 pac 128 org 16 dst 59
559 pac 129 org 1 dst 9
562 pac 130 org 23 dst 69
562 pac 131 org 16 dst 21
563 pac 132 org 42 dst 62
570 pac 133 org 8 dst 60
577 pac 134 org 78 dst 64
581 pac 135 org 70 dst 56
582 pac 136 org 7 dst 28
582 pac 137 org 3 dst 35
582 pac 138 org 82 dst 52
582 pac 139 org 81 dst 66
583 pac 140 org 75 dst 7
586 pac 141 org 38 dst 12
587 pac 142 org 5 dst 30
590 pac 143 org 48 dst 73
594 pac 144 org 73 dst 83
597 pac 145 org 55 dst 12
605 pac 146 org 18 dst 86
608 pac 147 org 21 dst 71
611 pac 148 org 49 dst 72
614 pac 149 org 84 dst 53
622 pac 150 org 43 dst 23
625 pac 151 org 40 dst 79
629 pac 152 org 13 dst 29
631 pac 153 org 36 dst 69
636 pac 154 org 15 dst 18
645 pac 155 org 47 dst 73
652 pac 156 org 39 dst 55
657 pac 157 org 63 dst 76
665 pac 158 org 69 dst 71
674 pac 159 org 58 dst 66
678 pac 160 org 9 dst 36
687 pac 161 org 58 dst 22
688 pac 162 org 85 dst 49
694 pac 163 org 64 dst 63
701 pac 164 org 50 dst 12
710 pac 165 org 33 dst 36
717 pac 166 org 46 dst 15
720 pac 167 org 39 dst 48
727 pac 168 org 32 dst 16
728 pac 169 org 41 dst 85
737 pac 170 org 20 dst 34
745 pac 171 org 36 dst 20
750 pac 172 org 14 dst 86
757 pac 173 org 23 dst 9
764 pac 174 org 61 dst 60
769 pac 175 org 71 dst 12
776 pac 176 org 26 dst 4
781 pac 177 org 54 dst 55
782 pac 178 org 48 dst 7
790 pac 179 org 25 dst 0
798 pac 180 org 46 dst 9
805 pac 181 org 34 dst 3
812 pac 182 org 50 dst 56
821 pac 183 org 32 dst 53
825 pac 184 org 66 dst 78
825 pac 185 org 51 dst 5
832 pac 186 org 83 dst 25
839 pac 187 org 73 dst 85
842 pac 188 org 72 dst 8
846 pac 189 org 45 dst 5
855 pac 190 org 71 dst 37
864 pac 191 org 14 dst 65
872 pac 192 org 14 dst 2
875 pac 193 org 40 dst 54
883 pac 194 org 13 dst 23
886 pac 195 org 32 dst 3
886 pac 196 org 60 dst 78
887 pac 197 org 13 dst 20
894 pac 198 org 65 dst 38
900 pac 199 org 16 dst 23
907 pac 200 org 10 dst 81
914 pac 201 org 23 dst 82
917 pac 202 org 37 dst 16
919 pac 203 org 53 dst 27
924 pac 204 org 23 dst 81
932 pac 205 org 13 dst 66
941 pac 206 org 65 dst 7
947 pac 207 org 86 dst 1
956 pac 208 org 0 dst 56
956 pac 209 org 2 dst 86
961 pac 210 org 70 dst 64
970 pac 211 org 34 dst 76
972 pac 212 org 84 dst 68
981 pac 213 org 48 dst 44
990 pac 214 org 48 dst 46
994 pac 215 org 52 dst 35
996 pac 216 org 50 dst 59
1005 pac 217 org 47 dst 21
1006 pac 218 org 74 dst 10
1011 pac 219 org 86 dst 39
1011 pac 220 org 62 dst 54
1019 pac 221 org 19 dst 59
1021 pac 222 org 15 dst 46
1027 pac 223 org 71 dst 29
1033 pac 224 org 69 dst 19
1035 pac 225 org 8 dst 0
1044 pac 226 org 27 dst 49
1045 pac 227 org 20 dst 56
1054 pac 228 org 65 dst 53
1056 pac 229 org 16 dst 17
1057 pac 230 org 12 dst 69
1062 pac 231 org 77 dst 26
1069 pac 232 org 14 dst 9
1076 pac 233 org 12 dst 84
1081 pac 234 org 56 dst 74
1088 pac 235 org 2 dst 53
1090 pac 236 org 36 dst 77
1090 pac 237 org 41 dst 49
1094 pac 238 org 47 dst 32
1099 pac 239 org 17 dst 86
1101 pac 240 org 64 dst 35
1107 pac 241 org 10 dst 32
1113 pac 242 org 81 dst 40
1115 pac 243 org 7 dst 3
1119 pac 244 org 46 dst 4
1121 pac 245 org 76 dst 79
1121 pac 246 org 17 dst 64
1129 pac 247 org 64 dst 18
1137 pac 248 org 31 dst 14
1142 pac 249 org 0 dst 68
1149 pac 250 org 59 dst 27
1153 pac 251 org 14 dst 59
1156 pac 252 org 82 dst 8
1156 pac 253 org 15 dst 4
1160 pac 254 org 8 dst 61
1169 pac 255 org 57 dst 34
1172 pac 256 org 59 dst 54
1180 pac 257 org 21 dst 82
1184 pac 258 org 41 dst 69
1186 pac 259 org 55 dst 63
1195 pac 260 org 62 dst 21
1203 pac 261 org 13 dst 46
1203 pac 262 org 75 dst 29
1212 pac 263 org 52 dst 47
1220 pac 264 org 79 dst 67
1222 pac 265 org 34 dst 12
1224 pac 266 org 85 dst 65
1228 pac 267 org 39 dst 9
1228 pac 268 org 31 dst 18
1237 pac 269 org 83 dst 4
1241 pac 270 org 8 dst 80
1246 pac 271 org 57 dst 66
1249 pac 272 org 27 dst 51
1253 pac 273 org 7 dst 60
1260 pac 274 org 67 dst 59
1267 pac 275 org 6 dst 28
1272 pac 276 org 24 dst 2
1272 pac 277 org 43 dst 54
1280 pac 278 org 51 dst 33
1280 pac 279 org 42 dst 6
1284 pac 280 org 25 dst 35
1284 pac 281 org 55 dst 63
1289 pac 282 org 39 dst 82
1289 pac 283 org 46 dst 11
1297 pac 284 org 56 dst 26
1304 pac 285 org 63 dst 25
1305 pac 286 org 66 dst 10
1307 pac 287 org 48 dst 36
1316 pac 288 org 42 dst 9
1316 pac 289 org 31 dst 10
1324 pac 290 org 53 dst 75
1332 pac 291 org 12 dst 20
1337 pac 292 org 24 dst 63
1341 pac 293 org 29 dst 79
1342 pac 294 org 48 dst 22
1350 pac 295 org 29 dst 21
1359 pac 296 org 68 dst 58
1362 pac 297 org 29 dst 63
1366 pac 298 org 29 dst 35
1366 pac 299 org 40 dst 53
1367 pac 300 org 66 dst 51
1371 pac 301 org 42 dst 26
1374 pac 302 org 29 dst 86
1376 pac 303 org 64 dst 27
1376 pac 304 org 60 dst 45
1378 pac 305 org 29 dst 42
1379 pac 306 org 43 dst 11
1386 pac 307 org 47 dst 34
1389 pac 308 org 23 dst 32
1390 pac 309 org 82 dst 6
1399 pac 310 org 30 dst 54
1401 pac 311 org 34 dst 52
1404 pac 312 org 79 dst 37
1405 pac 313 org 45 dst 8
1407 pac 314 org 47 dst 30
1413 pac 315 org 86 dst 58
1421 pac 316 org 30 dst 86
1425 pac 317 org 62 dst 75
1426 pac 318 org 27 dst 7
1428 pac 319 org 53 dst 46
1436 pac 320 org 49 dst 61
1444 pac 321 org 64 dst 32
1448 pac 322 org 86 dst 39
1457 pac 323 org 27 dst 79
1459 pac 324 org 15 dst 64
1464 pac 325 org 69 dst 13
1464 pac 326 org 67 dst 53
1471 pac 327 org 10 dst 74
1471 pac 328 org 56 dst 19
1473 pac 329 org 14 dst 67
1481 pac 330 org 79 dst 72
1482 pac 331 org 64 dst 11
1489 pac 332 org 85 dst 61
1496 pac 333 org 58 dst 49
1498 pac 334 org 62 dst 77
1504 pac 335 org 83 dst 68
1505 pac 336 org 13 dst 25
1506 pac 337 org 54 dst 22
1515 pac 338 org 38 dst 15
1515 pac 339 org 69 dst 0
1521 pac 340 org 28 dst 59
1528 pac 341 org 6 dst 26
1529 pac 342 org 15 dst 59
1538 pac 343 org 55 dst 10
1545 pac 344 org 73 dst 21
1551 pac 345 org 78 dst 47
1551 pac 346 org 20 dst 32
1558 pac 347 org 52 dst 54
1567 pac 348 org 28 dst 34
1567 pac 349 org 48 dst 8
1576 pac 350 org 1 dst 15
1579 pac 351 org 85 dst 13
1584 pac 352 org 15 dst 48
1589 pac 353 org 16 dst 32
1594 pac 354 org 34 dst 74
1599 pac 355 org 56 dst 64
1607 pac 356 org 32 dst 27
1611 pac 357 org 30 dst 51
1615 pac 358 org 48 dst 77
1623 pac 359 org 73 dst 30
1625 pac 360 org 51 dst 81
1629 pac 361 org 85 dst 79
1632 pac 362 org 47 dst 86
1635 pac 363 org 4 dst 39
1636 pac 364 org 68 dst 78
1643 pac 365 org 62 dst 43
1651 pac 366 org 78 dst 38
1654 pac 367 org 0 dst 61
1657 pac 368 org 47 dst 24
1661 pac 369 org 61 dst 2
1667 pac 370 org 72 dst 56
1671 pac 371 org 67 dst 47
1680 pac 372 org 53 dst 46
1684 pac 373 org 48 dst 10
1693 pac 374 org 27 dst 44
1696 pac 375 org 37 dst 84
1703 pac 376 org 52 dst 3
1711 pac 377 org 68 dst 14
1716 pac 378 org 78 dst 36
1724 pac 379 org 36 dst 79
1727 pac 380 org 37 dst 46
1728 pac 381 org 14 dst 12
1729 pac 382 org 19 dst 41
1730 pac 383 org 51 dst 50
1731 pac 384 org 72 dst 30
1733 pac 385 org 84 dst 82
1737 pac 386 org 17 dst 20
1743 pac 387 org 13 dst 34
1747 pac 388 org 69 dst 46
1755 pac 389 org 82 dst 66
1759 pac 390 org 49 dst 10
1767 pac 391 org 56 dst 29
1771 pac 392 org 62 dst 65
1774 pac 393 org 31 dst 71
1774 pac 394 org 64 dst 79
1779 pac 395 org 18 dst 51
1780 pac 396 org 24 dst 44
1789 pac 397 org 84 dst 59
1794 pac 398 org 65 dst 30
1802 pac 399 org 54 dst 73
1805 pac 400 org 45 dst 84
1809 pac 401 org 79 dst 44
1811 pac 402 org 78 dst 67
1819 pac 403 org 5 dst 21
1821 pac 404 org 37 dst 42
1827 pac 405 org 53 dst 21
1831 pac 406 org 45 dst 48
1831 pac 407 org 28 dst 15
1837 pac 408 org 26 dst 76
1846 pac 409 org 44 dst 51
1852 pac 410 org 46 dst 0
1860 pac 411 org 44 dst 13
1868 pac 412 org 65 dst 49
1871 pac 413 org 66 dst 39
1871 pac 414 org 6 dst 44
1879 pac 415 org 68 dst 14
1887 pac 416 org 1 dst 33
1891 pac 417 org 55 dst 43
1891 pac 418 org 28 dst 6
1891 pac 419 org 7 dst 4
1891 pac 420 org 9 dst 81
1900 pac 421 org 80 dst 29
1906 pac 422 org 63 dst 83
1913 pac 423 org 6 dst 25
1913 pac 424 org 83 dst 85
1921 pac 425 org 74 dst 54
1927 pac 426 org 79 dst 52
1929 pac 427 org 33 dst 74
1936 pac 428 org 64 dst 69
1943 pac 429 org 15 dst 41
1948 pac 430 org 53 dst 60
1952 pac 431 org 67 dst 79
1954 pac 432 org 70 dst 12
1958 pac 433 org 20 dst 84
1963 pac 434 org 11 dst 67
1963 pac 435 org 32 dst 47
1972 pac 436 org 75 dst 56
1980 pac 437 org 64 dst 23
1986 pac 438 org 54 dst 37
1992 pac 439 org 12 dst 54
1995 pac 440 org 86 dst 27
2003 pac 441 org 30 dst 28
2004 pac 442 org 41 dst 27
2012 pac 443 org 22 dst 20
2020 pac 444 org 16 dst 32
2023 pac 445 org 44 dst 20
2024 pac 446 org 31 dst 6
2032 pac 447 org 3 dst 71
2035 pac 448 org 28 dst 50
2038 pac 449 org 42 dst 73
2042 pac 450 org 3 dst 26
2050 pac 451 org 37 dst 53
2052 pac 452 org 47 dst 61
2061 pac 453 org 33 dst 0
2069 pac 454 org 68 dst 84
2069 pac 455 org 38 dst 70
2073 pac 456 org 57 dst 21
2080 pac 457 org 27 dst 8
2084 pac 458 org 21 dst 15
2085 pac 459 org 15 dst 18
2085 pac 460 org 58 dst 45
2094 pac 461 org 66 dst 32
2094 pac 462 org 37 dst 61
2102 pac 463 org 46 dst 4
2110 pac 464 org 66 dst 2
2118 pac 465 org 53 dst 43
2121 pac 466 org 38 dst 32
2130 pac 467 org 74 dst 28
2134 pac 468 org 20 dst 2
2137 pac 469 org 55 dst 40
2142 pac 470 org 59 dst 63
2148 pac 471 org 57 dst 26
2153 pac 472 org 39 dst 24
2155 pac 473 org 13 dst 11
2158 pac 474 org 76 dst 77
2166 pac 475 org 63 dst 81
2167 pac 476 org 23 dst 41
2173 pac 477 org 25 dst 79
2182 pac 478 org 4 dst 41
2182 pac 479 org 38 dst 31
2184 pac 480 org 34 dst 13
2193 pac 481 org 44 dst 20
2193 pac 482 org 58 dst 52
2195 pac 483 org 38 dst 86
2197 pac 484 org 38 dst 68
2206 pac 485 org 30 dst 33
2212 pac 486 org 1 dst 13
2216 pac 487 org 31 dst 4
2225 pac 488 org 53 dst 52
2228 pac 489 org 62 dst 83
2232 pac 490 org 72 dst 84
2235 pac 491 org 79 dst 54
2240 pac 492 org 70 dst 37
2240 pac 493 org 4 dst 58
2243 pac 494 org 4 dst 66
2245 pac 495 org 82 dst 30
2254 pac 496 org 4 dst 2
2256 pac 497 org 19 dst 65
2264 pac 498 org 36 dst 15
2268 pac 499 org 76 dst 75
