5
20
100
1
77
0 0 0 0 0 0 0 0 0 0 0 0 0 0 0 0 0 0 0 0 0 0 0 0 0 0 0 0 0 0 0 0 0 0 0 0 0 0 0 0 0 0 0 1 1 0 0 0 0 0 0 0 0 0 0 0 0 0 1 0 0 0 0 0 0 0 0 0 0 0 0 0 0 0 1 0 0
0 0 0 0 0 0 0 0 0 0 0 0 0 0 0 0 0 0 0 0 0 0 0 0 0 0 0 0 0 0 0 0 0 0 0 0 0 0 0 1 0 0 0 0 0 0 0 0 0 0 0 0 0 0 0 0 0 0 0 0 0 0 0 0 0 0 0 0 0 0 0 0 0 0 0 0 0
0 0 0 0 0 0 0 0 0 0 0 0 0 0 0 0 0 0 0 0 0 0 0 0 1 0 0 0 0 0 0 0 0 0 0 0 0 0 0 0 0 0 0 0 0 0 0 0 0 0 0 0 0 0 0 0 0 0 0 0 0 0 0 0 0 0 0 0 0 0 0 0 0 0 0 0 0
0 0 0 0 0 0 0 0 0 0 0 0 0 0 0 0 0 0 0 0 0 0 0 0 0 0 0 0 0 0 0 0 0 0 1 0 0 0 0 0 0 0 0 0 0 0 0 0 0 0 0 0 0 0 0 0 0 0 0 0 0 0 0 0 0 0 0 0 0 0 0 0 0 0 0 0 0
0 0 0 0 0 0 0 0 0 0 1 0 0 0 0 0 0 0 0 0 0 0 0 0 0 0 0 0 0 0 0 0 0 0 0 0 0 0 0 0 0 0 0 0 0 0 0 0 0 0 0 0 0 0 0 0 0 0 0 0 0 0 0 0 0 0 0 0 0 0 0 0 0 0 0 0 0
0 0 0 0 0 0 0 0 0 0 0 0 0 0 0 0 0 0 0 0 0 0 0 0 0 0 0 0 0 0 0 0 0 0 0 0 0 0 0 0 0 0 0 0 0 0 0 0 0 0 0 0 0 0 0 0 0 0 0 0 0 0 0 0 0 1 0 0 0 0 0 0 0 0 0 0 0
0 0 0 0 0 0 0 0 0 0 0 0 0 0 0 1 0 0 0 0 0 0 0 0 0 0 0 0 0 0 0 0 0 0 0 0 0 0 0 0 0 0 0 1 0 0 0 0 0 0 0 0 0 0 0 0 0 0 0 0 0 0 0 0 0 0 0 0 0 0 0 0 0 0 0 0 0
0 0 0 0 0 0 0 0 0 0 0 0 0 0 0 0 0 0 0 0 0 0 0 0 0 0 0 0 0 0 0 0 0 0 0 0 1 0 0 0 0 0 0 0 0 0 0 0 0 0 0 0 0 0 0 0 0 0 0 0 0 0 0 0 0 0 0 0 0 0 0 0 0 0 0 0 0
0 0 0 0 0 0 0 0 0 0 0 0 0 0 0 0 0 0 0 0 0 0 0 0 0 0 0 0 0 0 0 0 0 0 0 0 0 0 0 0 0 0 0 0 0 0 0 0 0 0 0 0 0 0 0 0 0 1 0 0 0 0 0 0 0 0 0 0 1 0 0 0 0 0 0 0 0
0 0 0 0 0 0 0 0 0 0 0 0 0 1 0 0 0 0 0 0 0 0 0 0 0 0 0 0 0 0 0 0 0 0 0 0 0 0 0 0 0 0 0 0 0 0 0 0 0 0 0 0 0 0 0 0 0 0 0 0 0 0 0 0 0 0 0 0 0 0 0 0 0 0 0 0 0
0 0 0 0 1 0 0 0 0 0 0 0 0 0 0 0 0 0 0 0 0 0 0 0 0 0 0 0 0 0 0 0 0 0 0 0 0 0 0 0 0 0 0 0 0 0 0 0 0 0 0 0 0 0 0 0 0 0 0 0 0 0 1 0 0 0 0 0 0 0 0 0 0 0 0 0 0
0 0 0 0 0 0 0 0 0 0 0 0 0 0 0 0 0 0 0 0 0 0 0 0 0 0 0 0 0 0 0 0 0 0 0 0 0 0 0 0 0 0 0 0 0 0 0 0 0 0 0 0 1 0 0 0 0 0 0 0 0 0 0 0 0 0 0 0 0 0 0 0 0 1 0 0 0
0 0 0 0 0 0 0 0 0 0 0 0 0 0 0 0 0 0 0 0 0 1 0 0 0 0 0 0 0 0 0 0 0 0 0 0 0 0 0 0 0 0 0 0 0 0 0 0 0 0 0 0 0 0 0 0 0 0 0 0 0 0 0 0 0 0 0 0 0 0 0 0 0 0 0 0 0
0 0 0 0 0 0 0 0 0 1 0 0 0 0 0 0 1 0 0 0 0 0 0 0 0 0 0 0 0 0 0 0 0 0 0 0 0 0 0 0 0 0 0 0 0 0 0 0 0 0 0 0 0 0 0 0 0 0 0 0 0 0 0 0 0 0 0 0 0 0 0 0 0 0 0 0 0
0 0 0 0 0 0 0 0 0 0 0 0 0 0 0 0 0 0 0 0 0 0 0 0 0 0 0 0 0 0 0 0 0 0 0 0 0 0 0 0 0 0 0 0 0 0 0 0 0 0 0 0 0 0 0 0 0 0 0 0 0 0 0 0 0 0 0 0 0 0 0 0 0 0 0 0 1
0 0 0 0 0 0 1 0 0 0 0 0 0 0 0 0 0 0 0 0 0 0 0 0 0 0 0 0 0 0 0 0 0 0 0 0 0 0 0 0 0 1 0 0 0 1 0 0 0 0 0 0 0 0 0 0 0 0 0 0 0 0 0 0 0 0 0 0 0 0 0 0 0 0 0 0 0
0 0 0 0 0 0 0 0 0 0 0 0 0 1 0 0 0 0 0 0 0 0 0 0 0 0 0 0 0 0 0 0 0 0 0 0 0 0 0 0 0 0 0 0 0 1 0 1 0 0 0 0 0 0 0 0 0 0 0 0 0 0 0 0 0 0 0 0 0 0 0 0 0 0 0 0 0
0 0 0 0 0 0 0 0 0 0 0 0 0 0 0 0 0 0 0 0 0 0 0 0 0 0 0 0 0 0 0 0 1 0 0 0 0 0 0 0 0 0 0 0 0 0 0 0 0 0 0 0 0 1 0 0 0 0 0 0 0 1 0 0 0 0 0 0 0 0 0 0 0 0 0 0 0
0 0 0 0 0 0 0 0 0 0 0 0 0 0 0 0 0 0 0 0 0 0 0 0 0 0 0 0 0 0 0 0 0 0 0 0 0 1 1 0 0 0 0 0 0 0 0 0 0 0 0 0 0 0 0 0 0 0 0 0 0 0 0 0 0 0 0 0 0 0 1 0 0 0 0 0 0
0 0 0 0 0 0 0 0 0 0 0 0 0 0 0 0 0 0 0 0 0 0 0 0 0 0 0 0 0 0 0 0 0 0 0 0 0 0 0 0 0 0 0 0 0 0 0 0 0 0 0 0 0 0 0 0 0 0 0 0 0 0 0 0 0 0 0 0 0 0 0 0 1 0 0 0 0
0 0 0 0 0 0 0 0 0 0 0 0 0 0 0 0 0 0 0 0 0 0 0 0 0 0 0 0 0 0 0 0 1 0 0 0 1 0 0 0 0 0 0 0 0 0 0 0 0 0 0 0 0 0 0 0 0 0 0 0 0 0 0 0 0 0 0 0 0 0 0 0 0 1 0 0 0
0 0 0 0 0 0 0 0 0 0 0 0 1 0 0 0 0 0 0 0 0 0 0 0 0 0 0 0 0 0 0 0 0 0 0 0 0 0 0 0 0 0 0 0 0 0 0 0 0 0 0 0 0 0 1 0 0 0 0 0 0 0 0 0 0 0 0 0 0 0 0 0 0 0 0 0 0
0 0 0 0 0 0 0 0 0 0 0 0 0 0 0 0 0 0 0 0 0 0 0 0 0 0 0 0 0 0 0 0 0 0 1 0 0 0 0 0 0 0 0 0 0 0 0 0 0 1 0 0 0 0 0 0 0 0 0 0 0 0 0 0 0 0 0 0 0 0 0 0 0 0 0 0 0
0 0 0 0 0 0 0 0 0 0 0 0 0 0 0 0 0 0 0 0 0 0 0 0 0 0 0 0 0 0 0 0 0 0 0 0 0 0 0 0 0 0 0 0 0 0 0 0 0 0 0 1 0 0 0 0 0 0 0 0 0 0 0 0 0 0 0 0 0 0 0 0 0 0 0 0 0
0 0 1 0 0 0 0 0 0 0 0 0 0 0 0 0 0 0 0 0 0 0 0 0 0 0 0 0 0 0 0 0 0 1 0 0 0 0 0 0 0 0 0 0 0 0 0 0 0 0 0 0 0 0 0 0 0 0 0 0 0 0 0 1 0 0 0 0 0 0 0 0 0 0 0 1 0
0 0 0 0 0 0 0 0 0 0 0 0 0 0 0 0 0 0 0 0 0 0 0 0 0 0 0 0 0 0 0 0 0 0 0 0 0 0 0 0 0 0 0 0 0 0 0 0 0 0 0 0 0 0 0 0 0 0 0 0 0 0 0 0 1 0 0 0 0 0 1 0 0 0 0 0 0
0 0 0 0 0 0 0 0 0 0 0 0 0 0 0 0 0 0 0 0 0 0 0 0 0 0 0 0 0 0 0 0 0 0 0 0 0 0 0 0 0 0 0 0 0 1 0 0 0 0 0 0 0 0 0 0 0 0 0 0 0 0 0 0 0 0 0 0 0 0 0 1 0 0 0 0 0
0 0 0 0 0 0 0 0 0 0 0 0 0 0 0 0 0 0 0 0 0 0 0 0 0 0 0 0 0 0 0 0 0 0 0 0 0 0 0 0 0 0 0 0 1 0 0 0 0 0 0 0 0 0 0 0 0 0 0 0 0 0 0 0 0 0 0 0 0 0 0 0 0 0 0 0 1
0 0 0 0 0 0 0 0 0 0 0 0 0 0 0 0 0 0 0 0 0 0 0 0 0 0 0 0 0 0 0 0 0 0 0 0 0 0 0 0 0 0 0 0 0 0 1 0 0 0 0 0 0 0 0 0 0 1 0 0 0 0 0 0 0 0 0 0 0 1 0 0 0 0 0 0 0
0 0 0 0 0 0 0 0 0 0 0 0 0 0 0 0 0 0 0 0 0 0 0 0 0 0 0 0 0 0 0 0 0 0 0 0 0 0 0 0 0 0 0 1 0 0 0 0 0 0 0 0 0 0 0 0 0 0 0 0 0 0 0 0 0 0 0 0 0 0 0 0 0 0 0 1 0
0 0 0 0 0 0 0 0 0 0 0 0 0 0 0 0 0 0 0 0 0 0 0 0 0 0 0 0 0 0 0 0 0 0 0 0 0 0 0 0 0 0 0 0 0 0 0 0 0 0 0 0 0 0 0 0 0 0 0 0 0 0 0 0 0 0 0 0 0 1 0 0 0 0 0 0 0
0 0 0 0 0 0 0 0 0 0 0 0 0 0 0 0 0 0 0 0 0 0 0 0 0 0 0 0 0 0 0 0 0 0 0 0 0 0 0 0 0 0 0 0 0 0 0 0 0 0 0 0 0 1 0 0 0 0 0 0 1 0 0 0 0 0 0 0 0 0 0 0 0 0 0 0 0
0 0 0 0 0 0 0 0 0 0 0 0 0 0 0 0 0 1 0 0 1 0 0 0 0 0 0 0 0 0 0 0 0 0 0 0 0 0 1 0 0 0 0 0 0 0 0 0 0 0 0 0 0 0 0 0 0 0 0 0 0 0 0 0 0 0 0 0 0 0 0 0 0 0 0 0 0
0 0 0 0 0 0 0 0 0 0 0 0 0 0 0 0 0 0 0 0 0 0 0 0 1 0 0 0 0 0 0 0 0 0 0 0 0 0 0 0 0 0 0 0 0 0 0 0 0 0 0 0 0 0 0 0 0 0 0 0 0 0 0 0 0 0 0 0 0 0 0 0 0 0 0 0 0
0 0 0 1 0 0 0 0 0 0 0 0 0 0 0 0 0 0 0 0 0 0 1 0 0 0 0 0 0 0 0 0 0 0 0 0 0 0 0 0 0 0 0 0 0 0 0 0 0 0 0 0 0 0 0 0 0 0 0 0 0 0 0 0 0 0 0 0 0 0 0 0 0 0 0 0 0
0 0 0 0 0 0 0 0 0 0 0 0 0 0 0 0 0 0 0 0 0 0 0 0 0 0 0 0 0 0 0 0 0 0 0 0 0 0 0 0 0 0 0 0 0 0 0 0 0 0 0 0 0 0 0 1 0 0 0 0 0 0 0 0 0 0 0 0 0 0 0 0 0 0 0 0 0
0 0 0 0 0 0 0 1 0 0 0 0 0 0 0 0 0 0 0 0 1 0 0 0 0 0 0 0 0 0 0 0 0 0 0 0 0 0 0 0 0 0 0 0 0 0 0 0 0 0 0 0 0 0 0 0 0 0 0 0 0 0 0 0 0 0 0 0 0 0 0 0 0 0 0 0 0
0 0 0 0 0 0 0 0 0 0 0 0 0 0 0 0 0 0 1 0 0 0 0 0 0 0 0 0 0 0 0 0 0 0 0 0 0 0 0 0 0 0 0 0 0 0 0 0 0 0 0 0 0 0 0 0 0 0 0 0 0 0 0 0 0 0 0 0 0 0 0 0 0 0 0 0 0
0 0 0 0 0 0 0 0 0 0 0 0 0 0 0 0 0 0 1 0 0 0 0 0 0 0 0 0 0 0 0 0 1 0 0 0 0 0 0 0 0 0 0 0 0 0 0 0 0 0 0 0 0 0 0 0 0 0 0 0 0 0 0 0 0 0 1 0 0 0 0 0 0 0 0 0 0
0 1 0 0 0 0 0 0 0 0 0 0 0 0 0 0 0 0 0 0 0 0 0 0 0 0 0 0 0 0 0 0 0 0 0 0 0 0 0 0 0 0 1 1 0 0 0 0 0 0 0 0 0 0 0 0 0 0 0 0 0 0 0 0 0 0 0 0 0 0 0 0 0 0 0 0 0
0 0 0 0 0 0 0 0 0 0 0 0 0 0 0 0 0 0 0 0 0 0 0 0 0 0 0 0 0 0 0 0 0 0 0 0 0 0 0 0 0 0 0 0 0 0 0 1 0 0 0 0 0 0 0 0 0 0 0 0 0 0 0 0 0 0 0 0 0 0 0 0 0 0 0 0 0
0 0 0 0 0 0 0 0 0 0 0 0 0 0 0 1 0 0 0 0 0 0 0 0 0 0 0 0 0 0 0 0 0 0 0 0 0 0 0 0 0 0 0 0 0 0 0 0 0 1 0 0 0 0 0 0 0 0 0 0 0 0 0 0 0 0 0 0 0 0 0 0 0 0 0 0 0
0 0 0 0 0 0 0 0 0 0 0 0 0 0 0 0 0 0 0 0 0 0 0 0 0 0 0 0 0 0 0 0 0 0 0 0 0 0 0 1 0 0 0 0 0 0 0 0 0 0 0 0 0 0 0 0 0 0 0 0 0 0 0 0 0 0 0 0 0 0 0 0 0 0 0 0 0
1 0 0 0 0 0 1 0 0 0 0 0 0 0 0 0 0 0 0 0 0 0 0 0 0 0 0 0 0 1 0 0 0 0 0 0 0 0 0 1 0 0 0 0 0 0 0 0 0 0 0 0 0 0 0 0 0 0 0 0 0 0 0 0 0 0 0 0 0 0 0 0 0 0 0 0 0
1 0 0 0 0 0 0 0 0 0 0 0 0 0 0 0 0 0 0 0 0 0 0 0 0 0 0 1 0 0 0 0 0 0 0 0 0 0 0 0 0 0 0 0 0 0 0 0 0 0 0 0 0 0 0 0 0 0 0 0 0 0 0 0 0 0 0 0 0 0 0 0 0 0 0 0 0
0 0 0 0 0 0 0 0 0 0 0 0 0 0 0 1 1 0 0 0 0 0 0 0 0 0 1 0 0 0 0 0 0 0 0 0 0 0 0 0 0 0 0 0 0 0 0 0 0 0 0 0 0 0 0 0 0 0 0 0 0 0 0 0 0 0 0 0 1 0 0 0 0 0 0 0 0
0 0 0 0 0 0 0 0 0 0 0 0 0 0 0 0 0 0 0 0 0 0 0 0 0 0 0 0 1 0 0 0 0 0 0 0 0 0 0 0 0 0 0 0 0 0 0 0 0 0 0 0 0 0 0 0 0 0 0 0 0 0 0 0 0 0 0 0 0 0 0 0 0 0 0 0 0
0 0 0 0 0 0 0 0 0 0 0 0 0 0 0 0 1 0 0 0 0 0 0 0 0 0 0 0 0 0 0 0 0 0 0 0 0 0 0 0 1 0 0 0 0 0 0 0 0 0 0 0 0 0 0 0 0 0 0 0 0 0 0 0 0 0 0 0 0 0 0 0 0 0 0 0 0
0 0 0 0 0 0 0 0 0 0 0 0 0 0 0 0 0 0 0 0 0 0 0 0 0 0 0 0 0 0 0 0 0 0 0 0 0 0 0 0 0 0 0 0 0 0 0 0 0 0 0 0 0 0 0 0 0 0 0 0 0 0 0 0 0 0 1 0 0 0 0 0 0 0 0 0 0
0 0 0 0 0 0 0 0 0 0 0 0 0 0 0 0 0 0 0 0 0 0 1 0 0 0 0 0 0 0 0 0 0 0 0 0 0 0 0 0 0 1 0 0 0 0 0 0 0 0 0 0 0 0 0 0 0 0 0 0 0 0 0 0 0 0 0 0 0 0 0 0 1 0 0 0 0
0 0 0 0 0 0 0 0 0 0 0 0 0 0 0 0 0 0 0 0 0 0 0 0 0 0 0 0 0 0 0 0 0 0 0 0 0 0 0 0 0 0 0 0 0 0 0 0 0 0 0 0 0 0 1 0 0 0 0 0 0 0 1 0 0 0 0 0 0 0 0 0 1 0 0 0 0
0 0 0 0 0 0 0 0 0 0 0 0 0 0 0 0 0 0 0 0 0 0 0 1 0 0 0 0 0 0 0 0 0 0 0 0 0 0 0 0 0 0 0 0 0 0 0 0 0 0 0 0 0 0 0 0 1 0 1 0 0 0 0 0 0 0 0 0 0 0 0 0 0 0 0 0 0
0 0 0 0 0 0 0 0 0 0 0 1 0 0 0 0 0 0 0 0 0 0 0 0 0 0 0 0 0 0 0 0 0 0 0 0 0 0 0 0 0 0 0 0 0 0 0 0 0 0 0 0 0 0 0 0 0 0 0 0 0 0 0 0 0 0 0 0 0 0 0 0 0 0 0 0 0
0 0 0 0 0 0 0 0 0 0 0 0 0 0 0 0 0 1 0 0 0 0 0 0 0 0 0 0 0 0 0 1 0 0 0 0 0 0 0 0 0 0 0 0 0 0 0 0 0 0 0 0 0 0 0 0 0 0 0 0 0 0 0 0 0 0 0 1 0 0 0 0 0 0 0 1 0
0 0 0 0 0 0 0 0 0 0 0 0 0 0 0 0 0 0 0 0 0 1 0 0 0 0 0 0 0 0 0 0 0 0 0 0 0 0 0 0 0 0 0 0 0 0 0 0 0 0 1 0 0 0 0 0 0 0 0 0 0 0 0 0 0 0 0 0 0 0 0 0 0 0 0 0 0
0 0 0 0 0 0 0 0 0 0 0 0 0 0 0 0 0 0 0 0 0 0 0 0 0 0 0 0 0 0 0 0 0 0 0 1 0 0 0 0 0 0 0 0 0 0 0 0 0 0 0 0 0 0 0 0 0 0 0 0 0 0 0 0 0 0 0 0 0 1 0 0 0 0 0 0 0
0 0 0 0 0 0 0 0 0 0 0 0 0 0 0 0 0 0 0 0 0 0 0 0 0 0 0 0 0 0 0 0 0 0 0 0 0 0 0 0 0 0 0 0 0 0 0 0 0 0 0 1 0 0 0 0 0 0 0 0 0 0 0 0 0 0 0 0 0 0 0 0 0 0 0 0 0
0 0 0 0 0 0 0 0 1 0 0 0 0 0 0 0 0 0 0 0 0 0 0 0 0 0 0 0 1 0 0 0 0 0 0 0 0 0 0 0 0 0 0 0 0 0 0 0 0 0 0 0 0 0 0 0 0 0 0 0 0 0 0 0 0 0 0 0 0 0 0 0 0 0 0 0 0
1 0 0 0 0 0 0 0 0 0 0 0 0 0 0 0 0 0 0 0 0 0 0 0 0 0 0 0 0 0 0 0 0 0 0 0 0 0 0 0 0 0 0 0 0 0 0 0 0 0 0 1 0 0 0 0 0 0 0 0 0 0 0 0 0 0 0 0 0 0 0 0 0 0 0 0 0
0 0 0 0 0 0 0 0 0 0 0 0 0 0 0 0 0 0 0 0 0 0 0 0 0 0 0 0 0 0 0 0 0 0 0 0 0 0 0 0 0 0 0 0 0 0 0 0 0 0 0 0 0 0 0 0 0 0 0 0 0 0 1 0 0 0 0 0 0 0 0 0 0 0 0 0 0
0 0 0 0 0 0 0 0 0 0 0 0 0 0 0 0 0 0 0 0 0 0 0 0 0 0 0 0 0 0 0 1 0 0 0 0 0 0 0 0 0 0 0 0 0 0 0 0 0 0 0 0 0 0 0 0 0 0 0 0 0 0 0 0 0 0 0 0 0 0 0 0 0 0 0 0 0
0 0 0 0 0 0 0 0 0 0 0 0 0 0 0 0 0 1 0 0 0 0 0 0 0 0 0 0 0 0 0 0 0 0 0 0 0 0 0 0 0 0 0 0 0 0 0 0 0 0 0 0 0 0 0 0 0 0 0 0 0 0 0 0 0 0 0 0 0 0 0 0 0 0 0 0 0
0 0 0 0 0 0 0 0 0 0 1 0 0 0 0 0 0 0 0 0 0 0 0 0 0 0 0 0 0 0 0 0 0 0 0 0 0 0 0 0 0 0 0 0 0 0 0 0 0 0 1 0 0 0 0 0 0 0 0 1 0 0 0 0 0 0 0 0 0 0 0 0 0 0 0 0 0
0 0 0 0 0 0 0 0 0 0 0 0 0 0 0 0 0 0 0 0 0 0 0 0 1 0 0 0 0 0 0 0 0 0 0 0 0 0 0 0 0 0 0 0 0 0 0 0 0 0 0 0 0 0 0 0 0 0 0 0 0 0 0 0 0 0 0 0 0 0 0 0 0 0 0 0 0
0 0 0 0 0 0 0 0 0 0 0 0 0 0 0 0 0 0 0 0 0 0 0 0 0 1 0 0 0 0 0 0 0 0 0 0 0 0 0 0 0 0 0 0 0 0 0 0 0 0 0 0 0 0 0 0 0 0 0 0 0 0 0 0 0 0 0 0 0 0 0 0 0 0 0 0 0
0 0 0 0 0 1 0 0 0 0 0 0 0 0 0 0 0 0 0 0 0 0 0 0 0 0 0 0 0 0 0 0 0 0 0 0 0 0 0 0 0 0 0 0 0 0 0 0 0 0 0 0 0 0 0 0 0 0 0 0 0 0 0 0 0 0 0 0 0 0 0 0 0 0 0 1 0
0 0 0 0 0 0 0 0 0 0 0 0 0 0 0 0 0 0 0 0 0 0 0 0 0 0 0 0 0 0 0 0 0 0 0 0 0 0 1 0 0 0 0 0 0 0 0 0 1 0 0 0 0 0 0 0 0 0 0 0 0 0 0 0 0 0 0 0 0 0 0 0 0 0 0 0 0
0 0 0 0 0 0 0 0 0 0 0 0 0 0 0 0 0 0 0 0 0 0 0 0 0 0 0 0 0 0 0 0 0 0 0 0 0 0 0 0 0 0 0 0 0 0 0 0 0 0 0 0 0 1 0 0 0 0 0 0 0 0 0 0 0 0 0 0 0 0 0 0 0 0 0 0 0
0 0 0 0 0 0 0 0 1 0 0 0 0 0 0 0 0 0 0 0 0 0 0 0 0 0 0 0 0 0 0 0 0 0 0 0 0 0 0 0 0 0 0 0 0 1 0 0 0 0 0 0 0 0 0 0 0 0 0 0 0 0 0 0 0 0 0 0 0 0 0 0 0 0 0 0 0
0 0 0 0 0 0 0 0 0 0 0 0 0 0 0 0 0 0 0 0 0 0 0 0 0 0 0 0 1 0 1 0 0 0 0 0 0 0 0 0 0 0 0 0 0 0 0 0 0 0 0 0 0 0 0 1 0 0 0 0 0 0 0 0 0 0 0 0 0 0 0 0 0 0 0 0 0
0 0 0 0 0 0 0 0 0 0 0 0 0 0 0 0 0 0 1 0 0 0 0 0 0 1 0 0 0 0 0 0 0 0 0 0 0 0 0 0 0 0 0 0 0 0 0 0 0 0 0 0 0 0 0 0 0 0 0 0 0 0 0 0 0 0 0 0 0 0 0 0 0 0 0 0 0
0 0 0 0 0 0 0 0 0 0 0 0 0 0 0 0 0 0 0 0 0 0 0 0 0 0 1 0 0 0 0 0 0 0 0 0 0 0 0 0 0 0 0 0 0 0 0 0 0 0 0 0 0 0 0 0 0 0 0 0 0 0 0 0 0 0 0 0 0 0 0 0 0 0 0 0 0
0 0 0 0 0 0 0 0 0 0 0 0 0 0 0 0 0 0 0 1 0 0 0 0 0 0 0 0 0 0 0 0 0 0 0 0 0 0 0 0 0 0 0 0 0 0 0 0 0 1 1 0 0 0 0 0 0 0 0 0 0 0 0 0 0 0 0 0 0 0 0 0 0 0 0 0 0
0 0 0 0 0 0 0 0 0 0 0 1 0 0 0 0 0 0 0 0 1 0 0 0 0 0 0 0 0 0 0 0 0 0 0 0 0 0 0 0 0 0 0 0 0 0 0 0 0 0 0 0 0 0 0 0 0 0 0 0 0 0 0 0 0 0 0 0 0 0 0 0 0 0 0 0 0
1 0 0 0 0 0 0 0 0 0 0 0 0 0 0 0 0 0 0 0 0 0 0 0 0 0 0 0 0 0 0 0 0 0 0 0 0 0 0 0 0 0 0 0 0 0 0 0 0 0 0 0 0 0 0 0 0 0 0 0 0 0 0 0 0 0 0 0 0 0 0 0 0 0 0 0 0
0 0 0 0 0 0 0 0 0 0 0 0 0 0 0 0 0 0 0 0 0 0 0 0 1 0 0 0 0 1 0 0 0 0 0 0 0 0 0 0 0 0 0 0 0 0 0 0 0 0 0 0 0 1 0 0 0 0 0 0 0 0 0 0 0 1 0 0 0 0 0 0 0 0 0 0 0
0 0 0 0 0 0 0 0 0 0 0 0 0 0 1 0 0 0 0 0 0 0 0 0 0 0 0 1 0 0 0 0 0 0 0 0 0 0 0 0 0 0 0 0 0 0 0 0 0 0 0 0 0 0 0 0 0 0 0 0 0 0 0 0 0 0 0 0 0 0 0 0 0 0 0 0 0
500
6 pac 0 org 40 dst 33
13 pac 1 org 37 dst 24
15 pac 2 org 73 dst 9
15 pac 3 org 48 dst 63
22 pac 4 org 23 dst 0
23 pac 5 org 31 dst 56
26 pac 6 org 73 dst 54
35 pac 7 org 63 dst 55
44 pac 8 org 22 dst 31
52 pac 9 org 67 dst 50
52 pac 10 org 57 dst 6
58 pac 11 org 4 dst 29
59 pac 12 org 8 dst 51
60 pac 13 org 11 dst 29
68 pac 14 org 50 dst 7
70 pac 15 org 31 dst 64
71 pac 16 org 27 dst 0
80 pac 17 org 32 dst 4
89 pac 18 org 10 dst 16
92 pac 19 org 47 dst 26
99 pac 20 org 41 dst 71
105 pac 21 org 55 dst 40
110 pac 22 org 64 dst 23
116 pac 23 org 68 dst 1
116 pac 24 org 13 dst 2
121 pac 25 org 38 dst 9
128 pac 26 org 10 dst 41
134 pac 27 org 74 dst 28
134 pac 28 org 73 dst 33
137 pac 29 org 32 dst 10
145 pac 30 org 8 dst 33
147 pac 31 org 66 dst 33
149 pac 32 org 19 dst 36
155 pac 33 org 76 dst 31
158 pac 34 org 48 dst 55
161 pac 35 org 76 dst 42
166 pac 36 org 58 dst 34
167 pac 37 org 48 dst 13
174 pac 38 org 1 dst 49
178 pac 39 org 34 dst 38
178 pac 40 org 59 dst 39
182 pac 41 org 76 dst 58
184 pac 42 org 6 dst 0
185 pac 43 org 37 dst 65
192 pac 44 org 11 dst 26
192 pac 45 org 30 dst 27
201 pac 46 org 72 dst 13
202 pac 47 org 46 dst 25
206 pac 48 org 38 dst 74
214 pac 49 org 9 dst 39
216 pac 50 org 49 dst 6
222 pac 51 org 67 dst 60
230 pac 52 org 8 dst 46
238 pac 53 org 67 dst 69
240 pac 54 org 21 dst 47
242 pac 55 org 31 dst 2
247 pac 56 org 60 dst 57
249 pac 57 org 40 dst 27
257 pac 58 org 61 dst 34
264 pac 59 org 17 dst 57
264 pac 60 org 21 dst 72
271 pac 61 org 55 dst 35
278 pac 62 org 35 dst 15
285 pac 63 org 4 dst 35
287 pac 64 org 3 dst 4
287 pac 65 org 30 dst 29
294 pac 66 org 39 dst 10
301 pac 67 org 32 dst 66
308 pac 68 org 37 dst 16
315 pac 69 org 36 dst 38
315 pac 70 org 54 dst 13
321 pac 71 org 37 dst 28
330 pac 72 org 67 dst 55
331 pac 73 org 13 dst 76
338 pac 74 org 40 dst 70
347 pac 75 org 0 dst 33
351 pac 76 org 17 dst 19
354 pac 77 org 35 dst 53
357 pac 78 org 2 dst 40
358 pac 79 org 18 dst 19
360 pac 80 org 27 dst 3
361 pac 81 org 60 dst 44
368 pac 82 org 60 dst 12
372 pac 83 org 57 dst 38
380 pac 84 org 63 dst 27
381 pac 85 org 31 dst 13
387 pac 86 org 12 dst 48
394 pac 87 org 22 dst 2
395 pac 88 org 15 dst 24
396 pac 89 org 49 dst 65
399 pac 90 org 6 dst 65
407 pac 91 org 5 dst 8
408 pac 92 org 65 dst 29
408 pac 93 org 73 dst 12
415 pac 94 org 0 dst 1
421 pac 95 org 53 dst 15
426 pac 96 org 15 dst 52
434 pac 97 org 46 dst 16
435 pac 98 org 40 dst 63
439 pac 99 org 57 dst 18
446 pac 100 org 53 dst 39
450 pac 101 org 41 dst 54
450 pac 102 org 3 dst 33
457 pac 103 org 56 dst 61
462 pac 104 org 68 dst 54
462 pac 105 org 42 dst 28
462 pac 106 org 37 dst 61
462 pac 107 org 16 dst 47
463 pac 108 org 6 dst 50
467 pac 109 org 4 dst 61
473 pac 110 org 71 dst 50
482 pac 111 org 7 dst 67
484 pac 112 org 64 dst 50
489 pac 113 org 74 dst 35
494 pac 114 org 8 dst 4
497 pac 115 org 48 dst 40
506 pac 116 org 0 dst 55
506 pac 117 org 31 dst 69
510 pac 118 org 29 dst 56
514 pac 119 org 23 dst 8
523 pac 120 org 43 dst 69
529 pac 121 org 45 dst 39
532 pac 122 org 31 dst 61
533 pac 123 org 38 dst 15
539 pac 124 org 32 dst 72
543 pac 125 org 76 dst 27
549 pac 126 org 40 dst 12
555 pac 127 org 63 dst 1
558 pac 128 org 14 dst 52
559 pac 129 org 1 dst 8
562 pac 130 org 21 dst 61
562 pac 131 org 14 dst 18
563 pac 132 org 37 dst 55
570 pac 133 org 7 dst 53
577 pac 134 org 69 dst 56
581 pac 135 org 62 dst 49
582 pac 136 org 6 dst 25
582 pac 137 org 2 dst 31
582 pac 138 org 72 dst 46
582 pac 139 org 72 dst 59
583 pac 140 org 67 dst 6
586 pac 141 org 34 dst 11
587 pac 142 org 4 dst 26
590 pac 143 org 42 dst 64
594 pac 144 org 65 dst 73
597 pac 145 org 49 dst 10
605 pac 146 org 16 dst 76
608 pac 147 org 19 dst 63
611 pac 148 org 43 dst 64
614 pac 149 org 75 dst 47
622 pac 150 org 38 dst 20
625 pac 151 org 36 dst 70
629 pac 152 org 12 dst 25
631 pac 153 org 32 dst 61
636 pac 154 org 13 dst 16
645 pac 155 org 41 dst 64
652 pac 156 org 35 dst 49
657 pac 157 org 56 dst 67
665 pac 158 org 61 dst 63
674 pac 159 org 51 dst 58
678 pac 160 org 8 dst 32
687 pac 161 org 51 dst 19
688 pac 162 org 75 dst 43
694 pac 163 org 57 dst 56
701 pac 164 org 45 dst 10
710 pac 165 org 29 dst 31
717 pac 166 org 40 dst 13
720 pac 167 org 35 dst 42
727 pac 168 org 29 dst 14
728 pac 169 org 36 dst 75
737 pac 170 org 18 dst 30
745 pac 171 org 32 dst 17
750 pac 172 org 12 dst 76
757 pac 173 org 20 dst 8
764 pac 174 org 54 dst 53
769 pac 175 org 63 dst 10
776 pac 176 org 23 dst 3
776 pac 177 org 41 dst 43
776 pac 178 org 9 dst 22
777 pac 179 org 66 dst 41
777 pac 180 org 62 dst 30
783 pac 181 org 60 dst 45
789 pac 182 org 57 dst 28
797 pac 183 org 72 dst 59
797 pac 184 org 36 dst 45
799 pac 185 org 3 dst 73
808 pac 186 org 60 dst 65
808 pac 187 org 57 dst 64
808 pac 188 org 23 dst 40
812 pac 189 org 34 dst 63
819 pac 190 org 76 dst 12
819 pac 191 org 71 dst 13
825 pac 192 org 63 dst 35
827 pac 193 org 24 dst 11
827 pac 194 org 63 dst 29
835 pac 195 org 26 dst 53
837 pac 196 org 6 dst 12
841 pac 197 org 13 dst 57
843 pac 198 org 57 dst 14
852 pac 199 org 48 dst 9
861 pac 200 org 56 dst 21
862 pac 201 org 60 dst 32
865 pac 202 org 28 dst 47
874 pac 203 org 22 dst 20
881 pac 204 org 41 dst 12
881 pac 205 org 63 dst 57
881 pac 206 org 70 dst 76
887 pac 207 org 48 dst 0
896 pac 208 org 69 dst 2
903 pac 209 org 0 dst 62
911 pac 210 org 43 dst 30
918 pac 211 org 70 dst 74
923 pac 212 org 22 dst 42
928 pac 213 org 75 dst 43
932 pac 214 org 74 dst 46
938 pac 215 org 30 dst 44
940 pac 216 org 22 dst 41
941 pac 217 org 69 dst 65
945 pac 218 org 9 dst 76
951 pac 219 org 40 dst 55
957 pac 220 org 6 dst 17
962 pac 221 org 69 dst 14
965 pac 222 org 18 dst 63
967 pac 223 org 50 dst 61
967 pac 224 org 49 dst 7
972 pac 225 org 20 dst 24
978 pac 226 org 76 dst 18
984 pac 227 org 9 dst 58
986 pac 228 org 73 dst 14
993 pac 229 org 18 dst 10
996 pac 230 org 13 dst 68
997 pac 231 org 44 dst 12
1006 pac 232 org 58 dst 10
1014 pac 233 org 60 dst 49
1020 pac 234 org 43 dst 1
1028 pac 235 org 54 dst 32
1033 pac 236 org 20 dst 37
1036 pac 237 org 4 dst 41
1045 pac 238 org 37 dst 15
1049 pac 239 org 42 dst 57
1052 pac 240 org 16 dst 9
1056 pac 241 org 49 dst 71
1056 pac 242 org 51 dst 6
1056 pac 243 org 22 dst 41
1065 pac 244 org 36 dst 67
1072 pac 245 org 17 dst 15
1074 pac 246 org 2 dst 56
1075 pac 247 org 68 dst 28
1082 pac 248 org 68 dst 0
1085 pac 249 org 41 dst 52
1091 pac 250 org 54 dst 13
1092 pac 251 org 37 dst 73
1092 pac 252 org 29 dst 13
1099 pac 253 org 3 dst 7
1102 pac 254 org 36 dst 50
1108 pac 255 org 70 dst 52
1117 pac 256 org 25 dst 18
1124 pac 257 org 63 dst 36
1131 pac 258 org 36 dst 49
1133 pac 259 org 19 dst 55
1138 pac 260 org 72 dst 11
1144 pac 261 org 25 dst 6
1153 pac 262 org 42 dst 72
1156 pac 263 org 59 dst 65
1165 pac 264 org 11 dst 18
1169 pac 265 org 58 dst 18
1172 pac 266 org 8 dst 32
1181 pac 267 org 16 dst 7
1181 pac 268 org 4 dst 69
1187 pac 269 org 71 dst 33
1190 pac 270 org 58 dst 40
1190 pac 271 org 45 dst 25
1197 pac 272 org 53 dst 35
1197 pac 273 org 52 dst 55
1199 pac 274 org 25 dst 58
1203 pac 275 org 2 dst 41
1208 pac 276 org 47 dst 1
1212 pac 277 org 30 dst 68
1214 pac 278 org 5 dst 2
1220 pac 279 org 31 dst 38
1224 pac 280 org 55 dst 2
1229 pac 281 org 73 dst 42
1235 pac 282 org 10 dst 6
1242 pac 283 org 23 dst 64
1249 pac 284 org 22 dst 56
1254 pac 285 org 9 dst 12
1258 pac 286 org 32 dst 19
1261 pac 287 org 8 dst 75
1267 pac 288 org 8 dst 3
1268 pac 289 org 67 dst 66
1270 pac 290 org 18 dst 64
1273 pac 291 org 55 dst 44
1278 pac 292 org 70 dst 36
1281 pac 293 org 20 dst 15
1288 pac 294 org 18 dst 62
1291 pac 295 org 52 dst 75
1294 pac 296 org 56 dst 25
1298 pac 297 org 31 dst 33
1305 pac 298 org 47 dst 4
1309 pac 299 org 45 dst 13
1312 pac 300 org 23 dst 31
1319 pac 301 org 76 dst 27
1326 pac 302 org 23 dst 18
1329 pac 303 org 40 dst 3
1334 pac 304 org 37 dst 19
1339 pac 305 org 10 dst 7
1341 pac 306 org 30 dst 55
1350 pac 307 org 28 dst 24
1353 pac 308 org 5 dst 8
1356 pac 309 org 48 dst 76
1365 pac 310 org 46 dst 16
1370 pac 311 org 33 dst 29
1375 pac 312 org 7 dst 10
1384 pac 313 org 27 dst 21
1392 pac 314 org 27 dst 76
1396 pac 315 org 55 dst 66
1397 pac 316 org 24 dst 6
1399 pac 317 org 47 dst 41
1407 pac 318 org 43 dst 54
1415 pac 319 org 56 dst 28
1419 pac 320 org 76 dst 34
1428 pac 321 org 24 dst 70
1430 pac 322 org 14 dst 57
1435 pac 323 org 61 dst 12
1435 pac 324 org 59 dst 47
1442 pac 325 org 8 dst 65
1442 pac 326 org 49 dst 17
1444 pac 327 org 12 dst 60
1452 pac 328 org 70 dst 63
1453 pac 329 org 57 dst 10
1460 pac 330 org 75 dst 54
1467 pac 331 org 51 dst 43
1469 pac 332 org 55 dst 68
1475 pac 333 org 74 dst 60
1476 pac 334 org 11 dst 22
1477 pac 335 org 47 dst 19
1486 pac 336 org 34 dst 13
1486 pac 337 org 61 dst 0
1492 pac 338 org 25 dst 52
1499 pac 339 org 6 dst 23
1500 pac 340 org 13 dst 52
1509 pac 341 org 49 dst 9
1516 pac 342 org 64 dst 18
1522 pac 343 org 69 dst 42
1522 pac 344 org 17 dst 28
1529 pac 345 org 46 dst 48
1538 pac 346 org 25 dst 30
1538 pac 347 org 42 dst 7
1547 pac 348 org 1 dst 13
1550 pac 349 org 75 dst 12
1555 pac 350 org 13 dst 43
1560 pac 351 org 14 dst 28
1565 pac 352 org 30 dst 66
1570 pac 353 org 50 dst 57
1578 pac 354 org 29 dst 24
1582 pac 355 org 26 dst 45
1586 pac 356 org 42 dst 68
1594 pac 357 org 65 dst 26
1596 pac 358 org 45 dst 71
1600 pac 359 org 75 dst 69
1603 pac 360 org 41 dst 76
1606 pac 361 org 3 dst 35
1607 pac 362 org 60 dst 69
1614 pac 363 org 55 dst 38
1622 pac 364 org 69 dst 34
1625 pac 365 org 0 dst 54
1628 pac 366 org 42 dst 22
1632 pac 367 org 54 dst 2
1638 pac 368 org 63 dst 50
1642 pac 369 org 59 dst 42
1651 pac 370 org 47 dst 41
1655 pac 371 org 43 dst 8
1664 pac 372 org 24 dst 39
1667 pac 373 org 33 dst 74
1674 pac 374 org 46 dst 3
1682 pac 375 org 60 dst 13
1687 pac 376 org 69 dst 32
1695 pac 377 org 32 dst 70
1698 pac 378 org 33 dst 41
1699 pac 379 org 12 dst 11
1700 pac 380 org 17 dst 37
1701 pac 381 org 45 dst 44
1702 pac 382 org 64 dst 26
1704 pac 383 org 74 dst 73
1708 pac 384 org 15 dst 17
1714 pac 385 org 11 dst 30
1718 pac 386 org 61 dst 41
1726 pac 387 org 72 dst 59
1730 pac 388 org 44 dst 9
1738 pac 389 org 50 dst 26
1742 pac 390 org 55 dst 57
1745 pac 391 org 27 dst 63
1745 pac 392 org 57 dst 70
1750 pac 393 org 15 dst 45
1751 pac 394 org 21 dst 38
1760 pac 395 org 75 dst 52
1765 pac 396 org 58 dst 27
1773 pac 397 org 48 dst 65
1776 pac 398 org 39 dst 74
1780 pac 399 org 70 dst 38
1782 pac 400 org 69 dst 59
1790 pac 401 org 4 dst 18
1792 pac 402 org 33 dst 37
1798 pac 403 org 47 dst 18
1802 pac 404 org 40 dst 42
1802 pac 405 org 25 dst 13
1808 pac 406 org 23 dst 68
1817 pac 407 org 39 dst 45
1823 pac 408 org 41 dst 0
1831 pac 409 org 39 dst 12
1839 pac 410 org 57 dst 43
1842 pac 411 org 58 dst 35
1842 pac 412 org 5 dst 39
1850 pac 413 org 60 dst 12
1858 pac 414 org 1 dst 29
1862 pac 415 org 49 dst 38
1862 pac 416 org 25 dst 5
1862 pac 417 org 6 dst 4
1862 pac 418 org 8 dst 71
1871 pac 419 org 71 dst 26
1877 pac 420 org 56 dst 74
1884 pac 421 org 5 dst 22
1884 pac 422 org 74 dst 75
1892 pac 423 org 65 dst 48
1898 pac 424 org 70 dst 46
1900 pac 425 org 30 dst 66
1907 pac 426 org 57 dst 61
1914 pac 427 org 13 dst 36
1919 pac 428 org 47 dst 53
1923 pac 429 org 59 dst 70
1925 pac 430 org 62 dst 10
1929 pac 431 org 18 dst 75
1934 pac 432 org 9 dst 60
1934 pac 433 org 28 dst 42
1943 pac 434 org 66 dst 50
1951 pac 435 org 57 dst 20
1957 pac 436 org 48 dst 33
1963 pac 437 org 10 dst 48
1966 pac 438 org 76 dst 24
1974 pac 439 org 26 dst 24
1975 pac 440 org 36 dst 24
1983 pac 441 org 20 dst 18
1991 pac 442 org 14 dst 29
1994 pac 443 org 39 dst 17
1995 pac 444 org 27 dst 5
2003 pac 445 org 2 dst 63
2006 pac 446 org 25 dst 44
2009 pac 447 org 37 dst 65
2013 pac 448 org 2 dst 23
2021 pac 449 org 33 dst 47
2023 pac 450 org 42 dst 54
2032 pac 451 org 29 dst 0
2040 pac 452 org 60 dst 74
2040 pac 453 org 34 dst 62
2044 pac 454 org 51 dst 19
2051 pac 455 org 24 dst 7
2055 pac 456 org 19 dst 13
2056 pac 457 org 13 dst 16
2056 pac 458 org 52 dst 40
2065 pac 459 org 58 dst 28
2065 pac 460 org 32 dst 54
2073 pac 461 org 40 dst 4
2081 pac 462 org 58 dst 1
2089 pac 463 org 47 dst 38
2092 pac 464 org 33 dst 28
2101 pac 465 org 65 dst 25
2105 pac 466 org 18 dst 1
2108 pac 467 org 49 dst 36
2113 pac 468 org 52 dst 55
2119 pac 469 org 51 dst 23
2124 pac 470 org 34 dst 21
2126 pac 471 org 12 dst 10
2135 pac 472 org 29 dst 56
2139 pac 473 org 66 dst 20
2148 pac 474 org 8 dst 22
2152 pac 475 org 51 dst 3
2155 pac 476 org 73 dst 33
2156 pac 477 org 0 dst 30
2158 pac 478 org 19 dst 39
2164 pac 479 org 73 dst 51
2173 pac 480 org 2 dst 34
2180 pac 481 org 17 dst 34
2183 pac 482 org 16 dst 26
2184 pac 483 org 72 dst 1
2184 pac 484 org 47 dst 28
2190 pac 485 org 34 dst 47
2199 pac 486 org 72 dst 55
2208 pac 487 org 26 dst 63
2214 pac 488 org 35 dst 70
2218 pac 489 org 24 dst 62
2224 pac 490 org 40 dst 3
2231 pac 491 org 6 dst 4
2234 pac 492 org 24 dst 73
2234 pac 493 org 18 dst 4
2241 pac 494 org 74 dst 17
2242 pac 495 org 15 dst 32
2247 pac 496 org 66 dst 34
2247 pac 497 org 67 dst 12
2247 pac 498 org 55 dst 11
2255 pac 499 org 2 dst 49
