5
20
100
1
93
0 0 0 0 0 0 0 0 0 0 0 0 0 0 0 0 0 0 0 0 0 0 0 0 0 0 0 0 0 0 0 0 0 0 0 0 0 0 0 0 0 0 0 0 0 0 0 0 0 0 0 0 1 1 0 0 0 0 0 0 0 0 0 0 0 0 0 0 0 0 1 0 0 0 0 0 0 0 0 0 0 0 0 0 0 0 0 0 0 0 0 0 0
0 0 0 0 0 0 0 0 0 0 0 0 0 0 0 0 0 0 0 0 0 0 0 0 0 0 0 0 0 0 0 0 0 0 0 0 0 0 0 0 0 0 0 0 0 0 0 0 0 0 0 0 0 0 0 0 0 0 0 0 0 0 0 0 0 0 0 0 0 0 0 0 0 0 0 0 0 0 0 0 0 0 0 0 0 0 0 0 0 1 0 0 0
0 0 0 0 0 0 0 0 0 0 0 0 0 0 0 0 0 0 0 0 0 0 0 0 0 0 0 0 0 0 0 0 0 0 0 0 0 0 0 0 0 0 0 0 0 0 0 0 0 0 0 0 0 0 0 0 0 0 0 1 0 0 0 0 0 0 0 0 0 0 0 0 0 0 0 0 0 0 0 0 0 0 0 0 0 0 0 0 0 0 0 0 0
0 0 0 0 0 0 0 0 0 0 0 0 0 0 0 0 0 0 0 0 0 0 0 0 0 0 0 0 0 0 0 0 0 0 0 0 0 0 0 0 0 0 1 0 0 0 0 0 0 0 0 0 0 0 0 0 0 0 0 0 0 0 0 0 0 0 0 0 0 0 0 0 0 0 0 0 0 0 0 0 0 0 0 0 0 0 0 0 0 0 0 0 0
0 0 0 0 0 0 0 0 0 0 0 0 0 0 0 0 0 0 0 0 0 0 0 0 0 0 0 0 0 0 0 0 0 0 0 0 0 0 0 0 0 0 0 0 0 0 0 0 0 0 0 1 0 0 0 0 0 0 0 0 0 0 0 0 0 0 0 0 0 0 0 0 0 0 0 0 0 0 0 0 0 0 0 0 0 0 0 0 0 0 0 0 0
0 0 0 0 0 0 0 0 0 0 0 0 1 0 0 0 0 0 0 0 0 0 0 0 0 1 0 0 0 0 0 0 0 0 0 0 0 0 0 0 0 0 0 0 0 0 0 0 0 0 0 0 0 0 0 0 0 0 0 0 0 0 0 0 0 0 0 0 0 0 0 0 0 0 0 0 0 0 0 0 0 0 0 0 0 0 0 0 0 0 0 0 0
0 0 0 0 0 0 0 0 0 0 0 0 0 0 0 0 0 0 0 0 0 0 0 0 0 0 0 0 0 0 0 0 0 0 0 0 0 0 0 0 0 0 0 0 0 0 0 0 0 0 0 0 0 0 0 0 0 0 0 0 0 0 0 0 0 0 0 0 0 0 0 0 0 0 0 0 0 0 1 0 0 0 0 1 0 0 0 0 0 0 0 0 0
0 0 0 0 0 0 0 0 0 0 0 0 0 0 0 0 0 0 0 0 0 0 0 0 0 0 0 0 0 0 0 0 0 0 0 0 0 0 0 0 0 0 0 0 0 0 0 0 0 0 0 0 1 0 0 0 0 0 0 0 0 1 0 0 0 0 0 0 0 0 0 0 0 0 0 0 0 0 0 0 0 0 0 0 0 0 0 0 0 0 0 0 0
0 0 0 0 0 0 0 0 0 0 0 0 0 0 0 0 0 0 1 0 0 0 0 0 0 0 0 0 0 0 0 0 0 1 0 0 0 0 0 0 0 0 0 0 0 0 0 0 0 0 0 0 0 0 0 0 0 0 0 0 0 0 0 0 0 0 0 0 0 0 0 0 0 0 0 0 0 0 0 0 0 0 0 0 0 0 0 0 0 0 0 0 0
0 0 0 0 0 0 0 0 0 0 0 0 0 0 0 0 0 0 0 0 0 0 0 0 0 0 0 0 0 0 0 0 0 0 0 0 0 0 0 0 0 0 0 0 1 0 0 0 0 0 0 0 0 0 0 0 0 0 0 0 0 0 0 0 0 0 0 0 0 0 0 0 0 0 0 0 0 0 0 0 0 0 0 0 0 0 0 0 0 0 0 0 0
0 0 0 0 0 0 0 0 0 0 0 0 0 0 0 0 0 0 0 0 0 0 0 0 0 0 0 0 0 0 0 0 0 0 0 0 0 0 0 0 0 0 0 0 0 0 0 0 0 0 0 0 0 0 0 0 0 0 0 0 0 0 0 0 0 0 0 0 0 1 0 0 0 0 0 0 0 0 0 0 0 0 1 0 0 0 0 0 0 0 0 0 1
0 0 0 0 0 0 0 0 0 0 0 0 0 0 0 1 0 0 0 0 0 0 0 0 0 0 0 0 0 0 0 0 0 0 0 0 0 0 0 0 0 0 0 0 0 0 0 0 0 0 0 0 0 0 0 0 0 0 0 0 0 0 0 0 0 0 0 0 0 1 0 0 0 0 0 0 0 0 0 0 0 0 0 0 0 0 0 0 0 0 0 0 0
0 0 0 0 0 1 0 0 0 0 0 0 0 0 0 0 0 0 0 0 0 0 0 0 0 0 0 0 0 0 0 0 0 0 0 0 0 0 0 0 0 0 0 0 0 0 0 0 0 0 0 0 0 0 0 0 0 0 0 0 0 0 0 0 0 0 0 0 0 0 0 0 0 0 0 0 0 0 0 0 0 0 0 0 0 0 0 0 0 0 0 0 0
0 0 0 0 0 0 0 0 0 0 0 0 0 0 0 0 0 0 0 0 0 0 0 1 0 0 0 0 0 0 0 0 0 0 0 0 0 0 0 0 0 0 0 0 0 0 0 0 0 0 0 0 0 0 0 0 0 0 0 0 0 0 0 0 0 0 0 0 0 0 0 0 0 0 0 1 0 0 0 0 0 0 0 0 0 0 0 0 0 0 0 0 0
0 0 0 0 0 0 0 0 0 0 0 0 0 0 0 0 0 0 0 0 0 0 0 0 0 0 0 0 0 0 0 0 0 0 0 0 0 0 0 0 0 0 0 0 0 0 0 0 0 0 0 0 0 0 0 0 0 0 0 0 0 0 0 1 0 0 0 0 0 0 0 0 0 0 0 0 0 0 0 0 0 0 0 0 0 0 0 0 1 0 0 0 0
0 0 0 0 0 0 0 0 0 0 0 1 0 0 0 0 0 0 0 0 0 0 0 0 0 0 0 0 0 0 0 0 0 0 0 0 0 0 0 0 0 0 0 0 0 0 0 0 0 0 0 0 0 0 0 0 0 0 0 0 0 0 0 0 0 0 0 0 0 0 0 0 0 0 0 0 0 0 0 0 0 0 0 0 0 0 0 0 0 0 1 0 0
0 0 0 0 0 0 0 0 0 0 0 0 0 0 0 0 0 0 0 1 0 0 0 0 0 0 0 0 0 0 0 0 0 0 0 0 0 0 0 0 0 0 0 0 0 0 0 0 0 0 0 0 0 0 0 0 0 0 0 0 0 0 0 0 0 0 0 0 0 0 0 0 0 0 0 0 0 0 0 0 0 0 0 0 0 0 0 0 0 0 0 0 0
0 0 0 0 0 0 0 0 0 0 0 0 0 0 0 0 0 0 0 0 0 0 0 0 0 0 0 0 0 0 0 0 0 0 0 0 0 0 0 0 0 0 0 0 0 0 0 0 0 0 0 0 0 0 0 0 0 0 0 0 0 0 0 0 0 0 0 0 0 0 0 0 0 0 0 0 0 0 0 0 0 0 0 0 0 0 0 0 0 0 0 0 1
0 0 0 0 0 0 0 0 1 0 0 0 0 0 0 0 0 0 0 0 0 0 0 0 0 0 0 0 0 0 0 0 0 0 0 0 0 0 0 0 0 0 0 0 0 0 0 0 0 0 1 0 0 0 0 1 0 0 0 0 0 0 0 0 0 0 0 0 0 0 0 0 0 0 0 0 0 0 0 0 0 0 0 0 0 0 0 0 0 0 0 0 0
0 0 0 0 0 0 0 0 0 0 0 0 0 0 0 0 1 0 0 0 0 0 0 0 0 0 0 0 0 0 0 0 0 0 0 0 0 0 0 0 0 0 0 0 0 0 0 0 0 0 0 0 0 0 0 0 0 1 0 0 0 0 0 0 0 0 0 0 0 0 0 0 0 0 0 0 0 0 0 0 0 0 0 0 0 0 0 0 0 0 0 0 0
0 0 0 0 0 0 0 0 0 0 0 0 0 0 0 0 0 0 0 0 0 0 0 0 0 0 0 0 0 0 0 0 0 0 0 0 0 0 0 0 0 0 0 0 0 0 0 0 1 0 0 0 0 0 1 0 0 0 0 0 0 0 0 0 0 0 0 0 0 0 0 0 0 0 0 0 0 0 0 0 0 0 0 0 0 0 0 0 0 0 0 0 0
0 0 0 0 0 0 0 0 0 0 0 0 0 0 0 0 0 0 0 0 0 0 0 0 0 0 0 0 0 0 0 0 0 0 0 0 0 0 0 0 0 0 0 0 0 0 0 0 0 0 0 0 0 0 0 0 0 0 0 0 0 0 0 0 1 0 0 0 0 0 0 0 0 0 1 0 0 0 0 0 0 0 0 0 0 0 0 0 0 0 0 0 0
0 0 0 0 0 0 0 0 0 0 0 0 0 0 0 0 0 0 0 0 0 0 0 0 0 0 0 0 0 0 0 0 0 0 0 0 0 0 0 0 0 0 0 0 0 1 1 0 0 0 0 0 0 0 0 0 0 0 0 0 0 0 0 0 0 0 0 0 0 0 0 0 0 0 0 0 0 0 0 0 0 0 0 0 1 0 0 0 0 0 0 0 0
0 0 0 0 0 0 0 0 0 0 0 0 0 1 0 0 0 0 0 0 0 0 0 0 0 0 0 0 0 0 0 0 0 0 0 0 0 0 0 0 0 0 0 0 0 0 0 0 0 0 0 0 0 0 0 0 0 0 0 0 0 0 0 0 0 0 0 0 0 0 0 0 0 0 0 0 0 0 0 0 0 0 0 0 0 0 0 0 0 0 0 0 0
0 0 0 0 0 0 0 0 0 0 0 0 0 0 0 0 0 0 0 0 0 0 0 0 0 0 0 0 0 0 0 0 0 0 0 0 0 0 1 0 0 0 0 0 0 0 0 0 0 0 0 0 0 0 0 0 0 0 0 0 0 0 0 0 0 0 0 0 0 0 0 0 0 0 0 0 0 0 0 0 0 0 0 0 0 0 0 1 1 0 0 0 0
0 0 0 0 0 1 0 0 0 0 0 0 0 0 0 0 0 0 0 0 0 0 0 0 0 0 0 0 0 0 0 0 0 0 0 0 0 0 0 0 0 0 0 0 1 0 0 0 0 0 0 0 0 0 0 0 0 0 0 0 0 0 0 0 0 0 0 0 0 0 1 0 0 0 0 0 0 0 0 0 0 0 0 0 0 0 0 0 0 0 0 0 0
0 0 0 0 0 0 0 0 0 0 0 0 0 0 0 0 0 0 0 0 0 0 0 0 0 0 0 0 0 0 0 0 0 0 0 0 0 0 0 0 0 0 0 0 0 0 0 0 0 0 0 0 0 0 0 0 0 0 0 0 0 0 0 0 0 1 0 1 0 0 0 0 0 0 0 0 0 0 0 0 0 0 0 0 0 0 0 0 0 0 0 0 0
0 0 0 0 0 0 0 0 0 0 0 0 0 0 0 0 0 0 0 0 0 0 0 0 0 0 0 0 0 0 0 0 0 0 0 0 0 0 0 0 0 1 0 0 0 0 0 0 0 0 0 0 0 0 0 0 0 0 0 0 1 0 0 0 0 0 0 0 0 0 0 0 0 0 0 0 0 0 0 0 0 0 0 0 0 0 0 0 0 0 0 0 0
0 0 0 0 0 0 0 0 0 0 0 0 0 0 0 0 0 0 0 0 0 0 0 0 0 0 0 0 0 0 0 0 0 0 0 0 0 0 0 0 0 0 0 0 0 0 0 0 0 0 0 0 0 0 0 0 0 0 0 0 0 0 1 0 0 0 0 0 0 0 0 0 0 0 0 0 0 0 0 0 0 0 0 0 0 0 0 0 0 0 0 0 0
0 0 0 0 0 0 0 0 0 0 0 0 0 0 0 0 0 0 0 0 0 0 0 0 0 0 0 0 0 0 0 0 0 0 0 0 0 0 0 0 1 0 0 0 0 0 0 0 0 0 0 0 0 0 0 0 0 0 0 0 0 0 0 0 0 0 0 0 0 0 0 0 0 0 0 0 1 0 0 0 0 0 0 0 0 0 0 0 0 0 0 1 0
0 0 0 0 0 0 0 0 0 0 0 0 0 0 0 0 0 0 0 0 0 0 0 0 0 0 0 0 0 0 0 0 0 0 0 0 0 0 0 0 0 0 0 0 0 0 0 0 0 0 0 0 0 0 0 0 0 0 0 0 0 0 0 0 0 0 0 0 0 0 0 0 0 0 0 0 0 0 0 0 0 0 0 0 1 0 0 0 0 0 0 0 0
0 0 0 0 0 0 0 0 0 0 0 0 0 0 0 0 0 0 0 0 0 0 0 0 0 0 0 0 0 0 0 0 0 0 0 0 0 0 0 0 0 0 0 0 0 0 0 0 0 0 0 0 0 0 1 0 0 0 0 0 0 0 0 0 0 0 0 0 0 0 0 0 0 0 0 0 0 1 0 0 0 0 0 0 0 0 1 0 0 0 0 0 0
0 0 0 0 0 0 0 0 0 0 0 0 0 0 0 0 0 0 0 0 0 0 0 0 0 0 0 0 0 0 0 0 0 0 0 0 0 0 0 0 0 0 0 0 0 0 0 0 0 0 0 0 0 1 0 0 0 0 0 0 0 0 0 0 0 0 0 0 0 0 0 0 0 0 0 0 0 0 0 0 0 0 0 0 0 0 0 0 0 0 0 0 1
0 0 0 0 0 0 0 0 1 0 0 0 0 0 0 0 0 0 0 0 0 0 0 0 0 0 0 0 0 0 0 0 0 0 0 0 0 0 0 0 0 0 0 0 0 0 0 0 0 0 0 0 0 0 0 0 0 0 0 0 0 0 0 0 0 0 0 0 0 0 0 0 0 0 0 0 0 0 0 0 0 0 0 0 0 0 0 0 0 0 0 0 0
0 0 0 0 0 0 0 0 0 0 0 0 0 0 0 0 0 0 0 0 0 0 0 0 0 0 0 0 0 0 0 0 0 0 0 0 0 0 0 0 0 0 0 0 0 0 0 0 0 0 0 0 0 0 0 0 1 0 0 0 0 0 0 0 0 0 0 0 0 1 0 0 0 0 0 0 0 0 0 0 0 0 0 0 1 0 0 0 0 0 0 0 0
0 0 0 0 0 0 0 0 0 0 0 0 0 0 0 0 0 0 0 0 0 0 0 0 0 0 0 0 0 0 0 0 0 0 0 0 0 0 0 0 0 0 0 0 0 0 0 0 0 0 0 0 1 0 0 0 0 0 0 0 0 0 0 0 0 0 0 0 0 0 0 0 0 0 0 0 0 0 0 0 0 0 0 0 0 0 0 0 0 0 0 0 0
0 0 0 0 0 0 0 0 0 0 0 0 0 0 0 0 0 0 0 0 0 0 0 0 0 0 0 0 0 0 0 0 0 0 0 0 0 0 0 0 0 0 0 0 0 0 0 0 0 0 0 0 0 0 0 0 0 0 0 0 0 0 0 0 0 0 0 0 0 0 0 0 0 0 1 0 0 0 0 0 0 0 0 1 0 0 0 0 0 0 0 1 0
0 0 0 0 0 0 0 0 0 0 0 0 0 0 0 0 0 0 0 0 0 0 0 0 0 0 0 0 0 0 0 0 0 0 0 0 0 0 0 0 0 0 0 0 0 0 0 0 0 0 0 0 0 0 0 0 0 0 0 0 0 0 0 0 1 0 0 0 0 0 0 0 0 1 0 0 0 0 0 0 0 0 0 0 0 0 0 0 0 0 0 0 0
0 0 0 0 0 0 0 0 0 0 0 0 0 0 0 0 0 0 0 0 0 0 0 0 1 0 0 0 0 0 0 0 0 0 0 0 0 0 0 0 0 0 0 0 0 0 0 0 0 0 0 0 0 0 0 0 0 0 0 0 0 0 0 0 0 0 0 0 0 0 0 0 0 0 0 0 0 0 0 0 0 0 0 0 0 0 0 0 0 0 0 0 0
0 0 0 0 0 0 0 0 0 0 0 0 0 0 0 0 0 0 0 0 0 0 0 0 0 0 0 0 0 0 0 0 0 0 0 0 0 0 0 0 0 0 0 0 0 0 1 0 0 0 0 0 0 0 0 0 0 0 0 0 0 0 0 0 0 0 0 0 0 0 0 0 0 0 0 0 0 0 0 0 0 0 0 0 0 0 0 0 0 0 0 0 0
0 0 0 0 0 0 0 0 0 0 0 0 0 0 0 0 0 0 0 0 0 0 0 0 0 0 0 0 0 1 0 0 0 0 0 0 0 0 0 0 0 0 0 0 0 0 0 0 0 0 0 0 0 0 0 0 0 0 0 0 0 0 0 0 0 0 0 0 0 0 0 0 0 0 0 0 0 0 0 0 0 0 0 0 0 0 0 0 0 0 0 0 0
0 0 0 0 0 0 0 0 0 0 0 0 0 0 0 0 0 0 0 0 0 0 0 0 0 0 0 1 0 0 0 0 0 0 0 0 0 0 0 0 0 0 0 0 0 0 0 0 0 0 0 0 0 0 0 0 0 0 0 0 0 0 0 0 0 0 0 0 0 0 0 0 0 0 0 0 0 0 0 0 0 0 0 0 0 0 0 0 0 0 0 0 0
0 0 0 1 0 0 0 0 0 0 0 0 0 0 0 0 0 0 0 0 0 0 0 0 0 0 0 0 0 0 0 0 0 0 0 0 0 0 0 0 0 0 0 0 0 0 0 0 0 0 0 0 0 0 0 0 0 0 0 0 0 0 0 0 0 0 0 1 0 0 0 0 0 0 0 0 0 0 0 0 0 0 0 0 0 0 0 0 0 0 0 0 0
0 0 0 0 0 0 0 0 0 0 0 0 0 0 0 0 0 0 0 0 0 0 0 0 0 0 0 0 0 0 0 0 0 0 0 0 0 0 0 0 0 0 0 0 0 0 1 0 0 0 0 0 0 0 0 0 0 0 0 0 0 0 0 0 0 0 0 0 0 0 0 0 0 0 0 0 0 0 0 0 0 0 0 0 0 0 0 0 0 0 0 0 0
0 0 0 0 0 0 0 0 0 1 0 0 0 0 0 0 0 0 0 0 0 0 0 0 0 1 0 0 0 0 0 0 0 0 0 0 0 0 0 0 0 0 0 0 0 0 0 0 0 0 0 0 0 0 0 0 0 0 0 0 0 0 0 0 0 0 0 0 0 0 0 0 0 0 0 0 0 0 0 0 0 0 0 0 0 0 0 0 0 0 0 0 0
0 0 0 0 0 0 0 0 0 0 0 0 0 0 0 0 0 0 0 0 0 0 1 0 0 0 0 0 0 0 0 0 0 0 0 0 0 0 0 0 0 0 0 0 0 0 0 0 0 0 0 0 0 0 0 0 0 0 0 0 0 0 0 0 0 0 0 0 0 0 0 0 0 0 0 0 0 0 0 0 0 0 0 0 0 0 0 0 0 0 0 0 0
0 0 0 0 0 0 0 0 0 0 0 0 0 0 0 0 0 0 0 0 0 0 1 0 0 0 0 0 0 0 0 0 0 0 0 0 0 0 0 1 0 0 0 1 0 0 0 0 0 0 0 0 0 0 0 0 0 0 0 0 0 0 0 0 0 0 0 0 0 0 0 1 0 0 0 0 0 0 0 0 1 0 0 0 0 0 0 0 0 0 0 0 0
0 0 0 0 0 0 0 0 0 0 0 0 0 0 0 0 0 0 0 0 0 0 0 0 0 0 0 0 0 0 0 0 0 0 0 0 0 0 0 0 0 0 0 0 0 0 0 0 0 0 0 1 1 0 0 0 0 0 0 0 0 0 0 0 0 0 0 0 0 0 0 0 0 0 0 0 0 0 0 0 0 0 0 0 0 0 0 0 0 0 0 0 0
0 0 0 0 0 0 0 0 0 0 0 0 0 0 0 0 0 0 0 0 1 0 0 0 0 0 0 0 0 0 0 0 0 0 0 0 0 0 0 0 0 0 0 0 0 0 0 0 0 0 0 0 0 0 0 0 0 0 0 0 0 0 0 0 0 0 0 0 0 0 0 0 0 0 0 0 0 0 0 0 0 0 0 0 0 0 0 0 0 0 0 0 0
0 0 0 0 0 0 0 0 0 0 0 0 0 0 0 0 0 0 0 0 0 0 0 0 0 0 0 0 0 0 0 0 0 0 0 0 0 0 0 0 0 0 0 0 0 0 0 0 0 0 0 0 0 0 0 0 0 1 0 0 0 0 0 0 0 0 0 0 0 0 0 0 0 0 0 0 0 0 0 0 0 0 0 0 0 0 0 0 0 0 0 0 0
0 0 0 0 0 0 0 0 0 0 0 0 0 0 0 0 0 0 1 0 0 0 0 0 0 0 0 0 0 0 0 0 0 0 0 0 0 0 0 0 0 0 0 0 0 0 0 0 0 0 0 0 0 0 0 0 0 0 0 0 1 0 0 0 0 0 0 0 0 0 0 0 0 0 0 0 0 0 0 0 0 0 0 0 0 0 0 0 0 0 0 0 0
0 0 0 0 1 0 0 0 0 0 0 0 0 0 0 0 0 0 0 0 0 0 0 0 0 0 0 0 0 0 0 0 0 0 0 0 0 0 0 0 0 0 0 0 0 0 0 1 0 0 0 0 0 0 0 0 0 0 0 0 0 0 0 0 0 0 0 0 0 0 0 0 0 0 0 0 0 0 0 0 0 0 0 0 0 0 0 0 0 0 0 0 0
1 0 0 0 0 0 0 1 0 0 0 0 0 0 0 0 0 0 0 0 0 0 0 0 0 0 0 0 0 0 0 0 0 0 0 1 0 0 0 0 0 0 0 0 0 0 0 1 0 0 0 0 0 0 0 0 0 0 0 0 0 0 0 0 0 0 0 0 0 0 0 0 0 0 0 0 0 0 0 0 0 0 0 0 0 0 0 0 0 0 0 1 0
1 0 0 0 0 0 0 0 0 0 0 0 0 0 0 0 0 0 0 0 0 0 0 0 0 0 0 0 0 0 0 0 1 0 0 0 0 0 0 0 0 0 0 0 0 0 0 0 0 0 0 0 0 0 0 0 0 0 0 0 0 0 0 0 0 0 0 0 0 0 0 0 0 0 0 0 0 0 0 0 0 0 0 0 0 0 0 0 0 0 0 0 0
0 0 0 0 0 0 0 0 0 0 0 0 0 0 0 0 0 0 0 0 1 0 0 0 0 0 0 0 0 0 0 1 0 0 0 0 0 0 0 0 0 0 0 0 0 0 0 0 0 0 0 0 0 0 0 0 0 0 0 0 0 0 0 0 0 0 0 0 0 0 0 0 0 0 0 0 0 0 0 0 0 0 0 0 0 0 0 0 0 0 0 0 0
0 0 0 0 0 0 0 0 0 0 0 0 0 0 0 0 0 0 1 0 0 0 0 0 0 0 0 0 0 0 0 0 0 0 0 0 0 0 0 0 0 0 0 0 0 0 0 0 0 0 0 0 0 0 0 0 0 0 0 0 0 0 0 0 0 0 0 0 1 0 0 0 0 0 0 0 0 0 0 0 0 0 1 0 0 0 1 0 0 0 0 0 0
0 0 0 0 0 0 0 0 0 0 0 0 0 0 0 0 0 0 0 0 0 0 0 0 0 0 0 0 0 0 0 0 0 0 1 0 0 0 0 0 0 0 0 0 0 0 0 0 0 0 0 0 0 0 0 0 0 0 0 0 0 0 0 0 0 0 0 0 0 0 0 0 0 0 0 0 0 0 0 0 0 0 0 0 0 0 0 0 0 0 0 0 0
0 0 0 0 0 0 0 0 0 0 0 0 0 0 0 0 0 0 0 1 0 0 0 0 0 0 0 0 0 0 0 0 0 0 0 0 0 0 0 0 0 0 0 0 0 0 0 0 0 1 0 0 0 0 0 0 0 0 0 0 0 0 1 0 0 0 0 0 0 0 0 0 0 0 0 0 0 0 0 0 0 0 0 0 0 0 0 0 0 0 0 0 0
0 0 0 0 0 0 0 0 0 0 0 0 0 0 0 0 0 0 0 0 0 0 0 0 0 0 0 0 0 0 0 0 0 0 0 0 0 0 0 0 0 0 0 0 0 0 0 0 0 0 0 0 0 0 0 0 0 0 0 0 0 0 0 0 0 0 0 0 0 0 0 0 0 0 0 0 0 0 0 1 0 0 0 0 0 0 0 0 0 0 0 0 0
0 0 1 0 0 0 0 0 0 0 0 0 0 0 0 0 0 0 0 0 0 0 0 0 0 0 0 0 0 0 0 0 0 0 0 0 0 0 0 0 0 0 0 0 0 0 0 0 0 0 0 0 0 0 0 0 0 0 0 0 0 0 0 0 0 0 0 0 0 0 0 0 0 0 0 0 0 0 0 0 0 0 0 0 0 0 0 1 0 0 0 0 0
0 0 0 0 0 0 0 0 0 0 0 0 0 0 0 0 0 0 0 0 0 0 0 0 0 0 0 1 0 0 0 0 0 0 0 0 0 0 0 0 0 0 0 0 0 0 0 0 0 0 1 0 0 0 0 0 0 0 0 0 0 0 0 0 0 0 0 0 0 0 0 0 0 0 0 1 0 0 0 0 0 0 0 0 0 0 0 0 0 1 0 0 0
0 0 0 0 0 0 0 1 0 0 0 0 0 0 0 0 0 0 0 0 0 0 0 0 0 0 0 0 0 0 0 0 0 0 0 0 0 0 0 0 0 0 0 0 0 0 0 0 0 0 0 0 0 0 0 0 0 0 0 0 0 0 0 0 0 1 0 0 0 0 0 0 0 0 0 0 0 0 0 0 0 0 0 0 0 0 0 1 0 0 0 0 0
0 0 0 0 0 0 0 0 0 0 0 0 0 0 0 0 0 0 0 0 0 0 0 0 0 0 0 0 1 0 0 0 0 0 0 0 0 0 0 0 0 0 0 0 0 0 0 0 0 0 0 0 0 0 0 0 0 1 0 0 0 0 0 0 0 0 0 0 0 0 1 0 0 0 0 0 0 0 0 0 0 0 0 0 0 0 0 0 0 0 0 0 0
0 0 0 0 0 0 0 0 0 0 0 0 0 0 1 0 0 0 0 0 0 0 0 0 0 0 0 0 0 0 0 0 0 0 0 0 0 0 0 0 0 0 0 0 0 0 0 0 0 0 0 0 0 0 0 0 0 0 0 0 0 0 0 0 0 0 0 0 0 0 0 0 0 0 0 0 0 0 0 0 0 0 0 0 0 0 0 0 0 0 0 0 0
0 0 0 0 0 0 0 0 0 0 0 0 0 0 0 0 0 0 0 0 0 1 0 0 0 0 0 0 0 0 0 0 0 0 0 0 0 1 0 0 0 0 0 0 0 0 0 0 0 0 0 0 0 0 0 0 0 0 0 0 0 0 0 0 0 0 0 0 0 0 0 0 0 0 0 0 0 0 0 0 0 1 0 0 0 0 0 0 0 0 0 0 0
0 0 0 0 0 0 0 0 0 0 0 0 0 0 0 0 0 0 0 0 0 0 0 0 0 0 1 0 0 0 0 0 0 0 0 0 0 0 0 0 0 0 0 0 0 0 0 0 0 0 0 0 0 0 0 0 0 0 0 0 0 1 0 0 0 0 0 0 0 0 0 0 0 0 0 0 0 0 0 0 0 0 0 0 0 0 0 0 0 0 0 0 0
0 0 0 0 0 0 0 0 0 0 0 0 0 0 0 0 0 0 0 0 0 0 0 0 0 0 0 0 0 0 0 0 0 0 0 0 0 0 0 0 0 0 0 0 0 0 0 0 0 0 0 0 0 0 0 0 0 0 0 0 0 0 0 0 0 0 0 0 0 0 0 0 0 0 0 0 0 0 0 0 0 0 0 0 1 0 0 0 0 0 0 0 0
0 0 0 0 0 0 0 0 0 0 0 0 0 0 0 0 0 0 0 0 0 0 0 0 0 0 1 0 0 0 0 0 0 0 0 0 0 0 0 0 0 0 1 0 0 0 0 0 0 0 0 0 0 0 0 0 0 0 0 0 0 0 0 0 0 0 0 0 0 0 0 0 0 0 0 0 0 0 0 0 0 0 0 0 0 0 0 0 0 0 0 0 0
0 0 0 0 0 0 0 0 0 0 0 0 0 0 0 0 0 0 0 0 0 0 0 0 0 0 0 0 0 0 0 0 0 0 0 0 0 0 0 0 0 0 0 0 0 0 0 0 0 0 0 0 0 0 0 1 0 0 0 0 0 0 0 0 0 0 0 0 0 0 0 0 0 0 0 0 0 0 0 0 0 0 0 0 0 0 0 0 0 0 0 0 0
0 0 0 0 0 0 0 0 0 0 1 1 0 0 0 0 0 0 0 0 0 0 0 0 0 0 0 0 0 0 0 0 0 0 1 0 0 0 0 0 0 0 0 0 0 0 0 0 0 0 0 0 0 0 0 0 0 0 0 0 0 0 0 0 0 0 0 0 0 0 0 0 0 0 0 0 0 0 0 0 0 0 0 0 0 0 0 0 0 0 0 0 0
1 0 0 0 0 0 0 0 0 0 0 0 0 0 0 0 0 0 0 0 0 0 0 0 0 1 0 0 0 0 0 0 0 0 0 0 0 0 0 0 0 0 0 0 0 0 0 0 0 0 0 0 0 0 0 0 0 0 0 0 0 0 1 0 0 0 0 0 0 0 0 0 0 0 0 0 0 0 0 0 0 0 0 0 0 0 0 0 0 0 0 0 0
0 0 0 0 0 0 0 0 0 0 0 0 0 0 0 0 0 0 0 0 0 0 0 0 0 0 0 0 0 0 0 0 0 0 0 0 0 0 0 0 0 0 0 0 0 0 1 0 0 0 0 0 0 0 0 0 0 0 0 0 0 0 0 0 0 0 0 0 0 0 0 0 0 0 0 0 0 0 0 0 0 0 0 0 0 0 0 0 0 0 0 0 0
0 0 0 0 0 0 0 0 0 0 0 0 0 0 0 0 0 0 0 0 0 0 0 0 0 0 0 0 0 0 0 0 0 0 0 0 0 0 0 0 0 0 0 0 0 0 0 0 0 0 0 0 0 0 0 0 0 0 0 0 0 0 0 0 0 0 0 0 0 0 0 0 0 0 0 1 0 0 0 0 0 0 0 0 0 0 0 0 0 0 0 0 0
0 0 0 0 0 0 0 0 0 0 0 0 0 0 0 0 0 0 0 0 0 0 0 0 0 0 0 0 0 0 0 0 0 0 0 0 0 1 0 0 0 0 0 0 0 0 0 0 0 0 0 0 0 0 0 0 0 0 0 0 0 0 0 0 0 0 0 0 0 0 0 0 0 0 0 0 0 0 0 0 0 0 0 0 0 0 0 0 0 0 0 0 0
0 0 0 0 0 0 0 0 0 0 0 0 0 0 0 0 0 0 0 0 0 1 0 0 0 0 0 0 0 0 0 0 0 0 0 0 1 0 0 0 0 0 0 0 0 0 0 0 0 0 0 0 0 0 0 0 0 0 0 0 0 0 0 0 0 0 0 0 0 0 0 0 0 0 0 0 0 0 0 0 0 0 0 0 0 0 0 0 0 0 0 0 0
0 0 0 0 0 0 0 0 0 0 0 0 0 1 0 0 0 0 0 0 0 0 0 0 0 0 0 0 0 0 0 0 0 0 0 0 0 0 0 0 0 0 0 0 0 0 0 0 0 0 0 0 0 0 0 0 0 0 0 0 1 0 0 0 0 0 0 0 0 0 0 0 1 0 0 0 0 0 0 0 0 0 0 0 0 0 0 0 0 0 0 0 0
0 0 0 0 0 0 0 0 0 0 0 0 0 0 0 0 0 0 0 0 0 0 0 0 0 0 0 0 0 1 0 0 0 0 0 0 0 0 0 0 0 0 0 0 0 0 0 0 0 0 0 0 0 0 0 0 0 0 0 0 0 0 0 0 0 0 0 0 0 0 0 0 0 0 0 0 0 0 0 0 0 0 0 0 0 0 0 0 0 0 0 0 0
0 0 0 0 0 0 0 0 0 0 0 0 0 0 0 0 0 0 0 0 0 0 0 0 0 0 0 0 0 0 0 1 0 0 0 0 0 0 0 0 0 0 0 0 0 0 0 0 0 0 0 0 0 0 0 0 0 0 0 0 0 0 0 0 0 0 0 0 0 0 0 0 0 0 0 0 0 0 0 0 0 0 0 0 0 0 0 0 0 0 0 0 0
0 0 0 0 0 0 1 0 0 0 0 0 0 0 0 0 0 0 0 0 0 0 0 0 0 0 0 0 0 0 0 0 0 0 0 0 0 0 0 0 0 0 0 0 0 0 0 0 0 0 0 0 0 0 0 0 0 0 0 0 0 0 0 0 0 0 0 0 0 0 0 0 0 0 0 0 0 0 0 0 0 0 0 0 0 0 0 0 0 0 0 0 0
0 0 0 0 0 0 0 0 0 0 0 0 0 0 0 0 0 0 0 0 0 0 0 0 0 0 0 0 0 0 0 0 0 0 0 0 0 0 0 0 0 0 0 0 0 0 0 0 0 0 0 0 0 0 0 0 0 0 1 0 0 0 0 0 0 0 0 0 0 0 0 0 0 0 0 0 0 0 0 0 0 0 0 0 0 0 0 0 0 0 0 1 0
0 0 0 0 0 0 0 0 0 0 0 0 0 0 0 0 0 0 0 0 0 0 0 0 0 0 0 0 0 0 0 0 0 0 0 0 0 0 0 0 0 0 0 0 0 0 1 0 0 0 0 0 0 0 0 0 0 0 0 0 0 0 0 0 0 0 0 0 0 0 0 0 0 0 0 0 0 0 0 0 0 0 0 0 0 0 0 0 0 0 0 0 0
0 0 0 0 0 0 0 0 0 0 0 0 0 0 0 0 0 0 0 0 0 0 0 0 0 0 0 0 0 0 0 0 0 0 0 0 0 0 0 0 0 0 0 0 0 0 0 0 0 0 0 0 0 0 0 0 0 0 0 0 0 0 0 0 1 0 0 0 0 0 0 0 0 0 0 0 0 0 0 0 0 0 0 0 0 0 0 0 0 0 0 0 0
0 0 0 0 0 0 0 0 0 0 1 0 0 0 0 0 0 0 0 0 0 0 0 0 0 0 0 0 0 0 0 0 0 0 0 0 0 0 0 0 0 0 0 0 0 0 0 0 0 0 0 0 0 0 0 1 0 0 0 0 0 0 0 0 0 0 0 0 0 0 0 0 0 0 0 0 0 0 0 0 0 0 0 0 0 0 0 0 0 0 0 0 0
0 0 0 0 0 0 1 0 0 0 0 0 0 0 0 0 0 0 0 0 0 0 0 0 0 0 0 0 0 0 0 0 0 0 0 0 1 0 0 0 0 0 0 0 0 0 0 0 0 0 0 0 0 0 0 0 0 0 0 0 0 0 0 0 0 0 0 0 0 0 0 0 0 0 0 0 0 0 0 0 0 0 0 0 0 0 0 0 0 0 0 0 0
0 0 0 0 0 0 0 0 0 0 0 0 0 0 0 0 0 0 0 0 0 0 1 0 0 0 0 0 0 0 1 0 0 0 1 0 0 0 0 0 0 0 0 0 0 0 0 0 0 0 0 0 0 0 0 0 0 0 0 0 0 0 0 0 0 0 1 0 0 0 0 0 0 0 0 0 0 0 0 0 0 0 0 0 0 0 0 0 0 0 0 0 0
0 0 0 0 0 0 0 0 0 0 0 0 0 0 0 0 0 0 0 0 0 0 0 0 0 0 0 0 0 0 0 0 0 0 0 0 0 0 0 0 0 0 0 0 0 0 0 0 0 0 0 0 0 0 0 0 0 0 0 0 0 0 0 0 0 0 0 0 0 0 0 0 0 0 0 0 0 0 0 0 0 0 0 0 0 0 0 0 0 1 0 0 0
0 0 0 0 0 0 0 0 0 0 0 0 0 0 0 0 0 0 0 0 0 0 0 0 0 0 0 0 0 0 0 1 0 0 0 0 0 0 0 0 0 0 0 0 0 0 0 0 0 0 0 0 0 0 0 1 0 0 0 0 0 0 0 0 0 0 0 0 0 0 0 0 0 0 0 0 0 0 0 0 0 0 0 0 0 0 0 0 0 0 0 0 0
0 0 0 0 0 0 0 0 0 0 0 0 0 0 0 0 0 0 0 0 0 0 0 0 1 0 0 0 0 0 0 0 0 0 0 0 0 0 0 0 0 0 0 0 0 0 0 0 0 0 0 0 0 0 0 0 0 0 0 1 0 1 0 0 0 0 0 0 0 0 0 0 0 0 0 0 0 0 0 0 0 0 0 0 0 0 0 0 0 0 0 0 0
0 0 0 0 0 0 0 0 0 0 0 0 0 0 1 0 0 0 0 0 0 0 0 0 1 0 0 0 0 0 0 0 0 0 0 0 0 0 0 0 0 0 0 0 0 0 0 0 0 0 0 0 0 0 0 0 0 0 0 0 0 0 0 0 0 0 0 0 0 0 0 0 0 0 0 0 0 0 0 0 0 0 0 0 0 0 0 0 0 0 0 0 0
0 1 0 0 0 0 0 0 0 0 0 0 0 0 0 0 0 0 0 0 0 0 0 0 0 0 0 0 0 0 0 0 0 0 0 0 0 0 0 0 0 0 0 0 0 0 0 0 0 0 0 0 0 0 0 0 0 0 0 0 1 0 0 0 0 0 0 0 0 0 0 0 0 0 0 0 0 0 0 0 0 0 0 0 0 1 0 0 0 0 0 0 0
0 0 0 0 0 0 0 0 0 0 0 0 0 0 0 1 0 0 0 0 0 0 0 0 0 0 0 0 0 0 0 0 0 0 0 0 0 0 0 0 0 0 0 0 0 0 0 0 0 0 0 0 0 0 0 0 0 0 0 0 0 0 0 0 0 0 0 0 0 0 0 0 0 0 0 0 0 0 0 0 0 0 0 0 0 0 0 0 0 0 0 0 0
0 0 0 0 0 0 0 0 0 0 0 0 0 0 0 0 0 0 0 0 0 0 0 0 0 0 0 0 0 1 0 0 0 0 0 0 1 0 0 0 0 0 0 0 0 0 0 0 0 0 0 0 1 0 0 0 0 0 0 0 0 0 0 0 0 0 0 0 0 0 0 0 0 0 0 0 0 0 0 1 0 0 0 0 0 0 0 0 0 0 0 0 0
0 0 0 0 0 0 0 0 0 0 1 0 0 0 0 0 0 1 0 0 0 0 0 0 0 0 0 0 0 0 0 0 1 0 0 0 0 0 0 0 0 0 0 0 0 0 0 0 0 0 0 0 0 0 0 0 0 0 0 0 0 0 0 0 0 0 0 0 0 0 0 0 0 0 0 0 0 0 0 0 0 0 0 0 0 0 0 0 0 0 0 0 0
500
1 pac 0 org 64 dst 33
3 pac 1 org 48 dst 32
6 pac 2 org 23 dst 11
13 pac 3 org 3 dst 23
20 pac 4 org 53 dst 18
27 pac 5 org 15 dst 69
35 pac 6 org 46 dst 40
39 pac 7 org 33 dst 76
40 pac 8 org 15 dst 13
42 pac 9 org 58 dst 62
44 pac 10 org 3 dst 72
50 pac 11 org 29 dst 13
50 pac 12 org 79 dst 11
50 pac 13 org 79 dst 36
58 pac 14 org 10 dst 75
67 pac 15 org 36 dst 9
67 pac 16 org 14 dst 3
73 pac 17 org 1 dst 71
74 pac 18 org 18 dst 64
79 pac 19 org 63 dst 53
84 pac 20 org 20 dst 82
91 pac 21 org 76 dst 16
97 pac 22 org 22 dst 43
102 pac 23 org 47 dst 70
102 pac 24 org 65 dst 40
109 pac 25 org 39 dst 7
117 pac 26 org 74 dst 67
122 pac 27 org 65 dst 47
126 pac 28 org 34 dst 8
128 pac 29 org 74 dst 1
128 pac 30 org 57 dst 2
128 pac 31 org 60 dst 9
137 pac 32 org 73 dst 40
137 pac 33 org 61 dst 59
145 pac 34 org 81 dst 90
154 pac 35 org 61 dst 22
155 pac 36 org 43 dst 48
161 pac 37 org 5 dst 52
161 pac 38 org 49 dst 28
165 pac 39 org 66 dst 92
168 pac 40 org 84 dst 5
171 pac 41 org 67 dst 37
176 pac 42 org 9 dst 40
181 pac 43 org 83 dst 87
185 pac 44 org 47 dst 64
189 pac 45 org 74 dst 28
193 pac 46 org 18 dst 16
202 pac 47 org 87 dst 57
207 pac 48 org 33 dst 44
215 pac 49 org 14 dst 63
216 pac 50 org 2 dst 56
216 pac 51 org 63 dst 29
218 pac 52 org 9 dst 10
219 pac 53 org 74 dst 36
223 pac 54 org 22 dst 0
223 pac 55 org 66 dst 9
232 pac 56 org 65 dst 69
240 pac 57 org 68 dst 71
240 pac 58 org 60 dst 40
240 pac 59 org 30 dst 15
249 pac 60 org 37 dst 3
258 pac 61 org 56 dst 2
266 pac 62 org 71 dst 2
270 pac 63 org 8 dst 10
270 pac 64 org 13 dst 31
275 pac 65 org 32 dst 13
283 pac 66 org 78 dst 34
289 pac 67 org 88 dst 40
291 pac 68 org 13 dst 36
293 pac 69 org 92 dst 76
298 pac 70 org 76 dst 31
307 pac 71 org 77 dst 33
311 pac 72 org 57 dst 36
315 pac 73 org 24 dst 75
316 pac 74 org 85 dst 32
320 pac 75 org 31 dst 40
321 pac 76 org 74 dst 23
326 pac 77 org 20 dst 50
330 pac 78 org 78 dst 84
337 pac 79 org 59 dst 73
344 pac 80 org 81 dst 54
350 pac 81 org 76 dst 75
351 pac 82 org 70 dst 91
357 pac 83 org 38 dst 37
366 pac 84 org 23 dst 85
373 pac 85 org 52 dst 12
378 pac 86 org 67 dst 61
381 pac 87 org 12 dst 73
386 pac 88 org 38 dst 86
390 pac 89 org 16 dst 65
393 pac 90 org 51 dst 29
397 pac 91 org 17 dst 71
399 pac 92 org 90 dst 18
403 pac 93 org 37 dst 88
404 pac 94 org 21 dst 75
406 pac 95 org 92 dst 47
413 pac 96 org 9 dst 68
421 pac 97 org 64 dst 74
424 pac 98 org 13 dst 49
430 pac 99 org 4 dst 74
435 pac 100 org 59 dst 50
437 pac 101 org 8 dst 11
442 pac 102 org 0 dst 80
445 pac 103 org 10 dst 75
450 pac 104 org 3 dst 72
453 pac 105 org 60 dst 68
460 pac 106 org 57 dst 87
465 pac 107 org 83 dst 44
474 pac 108 org 5 dst 4
482 pac 109 org 26 dst 73
490 pac 110 org 91 dst 69
495 pac 111 org 9 dst 28
503 pac 112 org 6 dst 41
504 pac 113 org 40 dst 92
505 pac 114 org 69 dst 86
509 pac 115 org 2 dst 76
510 pac 116 org 57 dst 30
513 pac 117 org 25 dst 76
519 pac 118 org 4 dst 31
520 pac 119 org 83 dst 7
527 pac 120 org 21 dst 15
528 pac 121 org 41 dst 69
529 pac 122 org 24 dst 58
531 pac 123 org 87 dst 68
535 pac 124 org 87 dst 72
541 pac 125 org 17 dst 34
543 pac 126 org 29 dst 27
544 pac 127 org 86 dst 50
551 pac 128 org 71 dst 77
560 pac 129 org 8 dst 85
560 pac 130 org 1 dst 58
560 pac 131 org 60 dst 84
568 pac 132 org 92 dst 0
571 pac 133 org 69 dst 52
580 pac 134 org 81 dst 85
585 pac 135 org 73 dst 26
590 pac 136 org 47 dst 91
596 pac 137 org 49 dst 90
598 pac 138 org 53 dst 63
607 pac 139 org 50 dst 23
608 pac 140 org 79 dst 11
613 pac 141 org 92 dst 42
613 pac 142 org 66 dst 57
621 pac 143 org 20 dst 63
623 pac 144 org 16 dst 49
629 pac 145 org 76 dst 31
635 pac 146 org 73 dst 21
637 pac 147 org 8 dst 0
646 pac 148 org 29 dst 52
647 pac 149 org 22 dst 60
656 pac 150 org 70 dst 56
658 pac 151 org 17 dst 18
659 pac 152 org 13 dst 74
664 pac 153 org 82 dst 27
671 pac 154 org 15 dst 10
678 pac 155 org 13 dst 90
683 pac 156 org 60 dst 79
690 pac 157 org 2 dst 57
692 pac 158 org 39 dst 82
692 pac 159 org 44 dst 52
696 pac 160 org 50 dst 34
701 pac 161 org 18 dst 92
703 pac 162 org 69 dst 38
709 pac 163 org 11 dst 34
715 pac 164 org 86 dst 43
717 pac 165 org 7 dst 3
721 pac 166 org 49 dst 4
723 pac 167 org 81 dst 84
723 pac 168 org 18 dst 69
731 pac 169 org 68 dst 19
739 pac 170 org 34 dst 15
744 pac 171 org 0 dst 72
751 pac 172 org 63 dst 29
755 pac 173 org 15 dst 64
758 pac 174 org 88 dst 9
758 pac 175 org 16 dst 4
762 pac 176 org 9 dst 65
771 pac 177 org 60 dst 37
774 pac 178 org 63 dst 58
782 pac 179 org 22 dst 88
786 pac 180 org 43 dst 74
788 pac 181 org 59 dst 67
797 pac 182 org 66 dst 22
805 pac 183 org 14 dst 49
805 pac 184 org 81 dst 31
814 pac 185 org 55 dst 50
822 pac 186 org 84 dst 72
824 pac 187 org 37 dst 13
826 pac 188 org 91 dst 70
830 pac 189 org 42 dst 9
830 pac 190 org 34 dst 19
839 pac 191 org 89 dst 5
843 pac 192 org 9 dst 85
848 pac 193 org 61 dst 71
851 pac 194 org 29 dst 55
855 pac 195 org 8 dst 64
862 pac 196 org 72 dst 63
869 pac 197 org 6 dst 30
874 pac 198 org 26 dst 3
874 pac 199 org 46 dst 57
882 pac 200 org 55 dst 36
882 pac 201 org 45 dst 6
886 pac 202 org 27 dst 38
886 pac 203 org 59 dst 67
891 pac 204 org 41 dst 88
891 pac 205 org 50 dst 12
899 pac 206 org 60 dst 28
906 pac 207 org 67 dst 27
907 pac 208 org 71 dst 11
909 pac 209 org 51 dst 38
918 pac 210 org 45 dst 9
918 pac 211 org 33 dst 10
926 pac 212 org 57 dst 80
934 pac 213 org 13 dst 21
939 pac 214 org 26 dst 67
943 pac 215 org 31 dst 85
944 pac 216 org 52 dst 24
952 pac 217 org 31 dst 22
961 pac 218 org 72 dst 63
964 pac 219 org 31 dst 67
968 pac 220 org 32 dst 38
968 pac 221 org 43 dst 57
969 pac 222 org 70 dst 54
973 pac 223 org 45 dst 28
976 pac 224 org 31 dst 92
978 pac 225 org 69 dst 28
978 pac 226 org 65 dst 48
980 pac 227 org 31 dst 45
981 pac 228 org 46 dst 12
988 pac 229 org 50 dst 36
991 pac 230 org 25 dst 34
992 pac 231 org 87 dst 6
1001 pac 232 org 32 dst 58
1003 pac 233 org 36 dst 55
1006 pac 234 org 84 dst 39
1007 pac 235 org 48 dst 8
1009 pac 236 org 50 dst 33
1015 pac 237 org 92 dst 62
1023 pac 238 org 32 dst 92
1027 pac 239 org 67 dst 80
1028 pac 240 org 29 dst 7
1030 pac 241 org 57 dst 49
1038 pac 242 org 52 dst 65
1046 pac 243 org 68 dst 34
1050 pac 244 org 92 dst 42
1059 pac 245 org 29 dst 84
1061 pac 246 org 16 dst 69
1066 pac 247 org 74 dst 14
1066 pac 248 org 71 dst 57
1073 pac 249 org 10 dst 79
1073 pac 250 org 60 dst 21
1075 pac 251 org 15 dst 72
1083 pac 252 org 84 dst 77
1084 pac 253 org 69 dst 12
1091 pac 254 org 91 dst 65
1098 pac 255 org 62 dst 52
1100 pac 256 org 66 dst 82
1106 pac 257 org 89 dst 73
1107 pac 258 org 14 dst 27
1108 pac 259 org 57 dst 23
1117 pac 260 org 41 dst 16
1117 pac 261 org 74 dst 0
1123 pac 262 org 30 dst 63
1130 pac 263 org 7 dst 28
1131 pac 264 org 16 dst 63
1140 pac 265 org 59 dst 11
1147 pac 266 org 78 dst 22
1153 pac 267 org 83 dst 51
1153 pac 268 org 21 dst 34
1160 pac 269 org 55 dst 58
1169 pac 270 org 30 dst 37
1169 pac 271 org 51 dst 9
1178 pac 272 org 1 dst 16
1181 pac 273 org 91 dst 14
1186 pac 274 org 16 dst 52
1191 pac 275 org 17 dst 34
1196 pac 276 org 36 dst 80
1201 pac 277 org 60 dst 69
1209 pac 278 org 35 dst 29
1213 pac 279 org 32 dst 55
1217 pac 280 org 51 dst 82
1225 pac 281 org 78 dst 32
1227 pac 282 org 55 dst 86
1231 pac 283 org 91 dst 84
1234 pac 284 org 50 dst 92
1237 pac 285 org 4 dst 42
1238 pac 286 org 72 dst 83
1245 pac 287 org 66 dst 46
1253 pac 288 org 83 dst 41
1256 pac 289 org 0 dst 65
1259 pac 290 org 51 dst 26
1263 pac 291 org 65 dst 2
1269 pac 292 org 77 dst 60
1273 pac 293 org 71 dst 50
1282 pac 294 org 57 dst 49
1286 pac 295 org 52 dst 10
1295 pac 296 org 29 dst 47
1298 pac 297 org 40 dst 90
1305 pac 298 org 56 dst 3
1313 pac 299 org 73 dst 15
1318 pac 300 org 83 dst 39
1326 pac 301 org 38 dst 85
1329 pac 302 org 40 dst 50
1330 pac 303 org 15 dst 13
1331 pac 304 org 20 dst 44
1332 pac 305 org 55 dst 54
1333 pac 306 org 77 dst 32
1335 pac 307 org 89 dst 88
1339 pac 308 org 18 dst 21
1345 pac 309 org 14 dst 36
1349 pac 310 org 74 dst 50
1357 pac 311 org 87 dst 71
1361 pac 312 org 53 dst 11
1369 pac 313 org 60 dst 31
1373 pac 314 org 67 dst 69
1376 pac 315 org 33 dst 76
1376 pac 316 org 69 dst 84
1381 pac 317 org 19 dst 55
1382 pac 318 org 25 dst 47
1391 pac 319 org 90 dst 63
1396 pac 320 org 70 dst 33
1404 pac 321 org 58 dst 78
1407 pac 322 org 48 dst 90
1411 pac 323 org 84 dst 47
1413 pac 324 org 84 dst 71
1421 pac 325 org 5 dst 22
1423 pac 326 org 40 dst 44
1429 pac 327 org 57 dst 22
1433 pac 328 org 48 dst 51
1433 pac 329 org 30 dst 16
1439 pac 330 org 28 dst 82
1448 pac 331 org 47 dst 55
1454 pac 332 org 49 dst 0
1462 pac 333 org 47 dst 14
1470 pac 334 org 69 dst 52
1473 pac 335 org 71 dst 42
1473 pac 336 org 7 dst 47
1481 pac 337 org 73 dst 15
1489 pac 338 org 1 dst 35
1493 pac 339 org 59 dst 46
1493 pac 340 org 30 dst 6
1493 pac 341 org 7 dst 4
1493 pac 342 org 10 dst 86
1502 pac 343 org 86 dst 31
1508 pac 344 org 68 dst 89
1515 pac 345 org 6 dst 26
1515 pac 346 org 89 dst 91
1523 pac 347 org 79 dst 58
1529 pac 348 org 84 dst 55
1531 pac 349 org 36 dst 80
1538 pac 350 org 69 dst 73
1545 pac 351 org 16 dst 44
1550 pac 352 org 57 dst 64
1554 pac 353 org 72 dst 85
1556 pac 354 org 75 dst 13
1560 pac 355 org 21 dst 90
1565 pac 356 org 12 dst 72
1565 pac 357 org 34 dst 51
1574 pac 358 org 80 dst 60
1582 pac 359 org 69 dst 25
1588 pac 360 org 58 dst 39
1594 pac 361 org 12 dst 58
1597 pac 362 org 92 dst 29
1605 pac 363 org 32 dst 30
1606 pac 364 org 44 dst 29
1614 pac 365 org 24 dst 22
1622 pac 366 org 17 dst 35
1625 pac 367 org 47 dst 21
1626 pac 368 org 33 dst 6
1634 pac 369 org 3 dst 76
1637 pac 370 org 30 dst 53
1640 pac 371 org 45 dst 78
1644 pac 372 org 3 dst 28
1652 pac 373 org 40 dst 57
1654 pac 374 org 50 dst 65
1663 pac 375 org 36 dst 0
1671 pac 376 org 72 dst 90
1671 pac 377 org 41 dst 75
1675 pac 378 org 61 dst 23
1682 pac 379 org 29 dst 8
1686 pac 380 org 22 dst 16
1687 pac 381 org 16 dst 19
1687 pac 382 org 62 dst 48
1696 pac 383 org 71 dst 34
1696 pac 384 org 39 dst 65
1704 pac 385 org 49 dst 4
1712 pac 386 org 70 dst 2
1720 pac 387 org 56 dst 46
1723 pac 388 org 40 dst 34
1732 pac 389 org 79 dst 30
1736 pac 390 org 22 dst 2
1739 pac 391 org 59 dst 43
1744 pac 392 org 63 dst 67
1750 pac 393 org 61 dst 28
1755 pac 394 org 41 dst 26
1757 pac 395 org 14 dst 12
1766 pac 396 org 35 dst 68
1770 pac 397 org 80 dst 25
1779 pac 398 org 10 dst 27
1783 pac 399 org 62 dst 4
1786 pac 400 org 88 dst 40
1787 pac 401 org 0 dst 36
1789 pac 402 org 23 dst 47
1795 pac 403 org 88 dst 62
1804 pac 404 org 3 dst 41
1811 pac 405 org 20 dst 41
1814 pac 406 org 19 dst 32
1815 pac 407 org 87 dst 1
1815 pac 408 org 57 dst 34
1821 pac 409 org 41 dst 57
1830 pac 410 org 87 dst 67
1839 pac 411 org 31 dst 77
1845 pac 412 org 43 dst 84
1849 pac 413 org 29 dst 75
1855 pac 414 org 48 dst 4
1862 pac 415 org 7 dst 5
1865 pac 416 org 29 dst 88
1865 pac 417 org 22 dst 5
1872 pac 418 org 90 dst 21
1873 pac 419 org 18 dst 38
1878 pac 420 org 80 dst 41
1878 pac 421 org 81 dst 15
1878 pac 422 org 67 dst 13
1886 pac 423 org 2 dst 59
1895 pac 424 org 47 dst 71
1899 pac 425 org 49 dst 72
1901 pac 426 org 78 dst 74
1903 pac 427 org 18 dst 58
1910 pac 428 org 75 dst 89
1913 pac 429 org 25 dst 40
1919 pac 430 org 82 dst 38
1922 pac 431 org 18 dst 64
1922 pac 432 org 59 dst 10
1928 pac 433 org 30 dst 66
1929 pac 434 org 73 dst 50
1938 pac 435 org 51 dst 54
1947 pac 436 org 1 dst 81
1952 pac 437 org 4 dst 57
1955 pac 438 org 60 dst 83
1959 pac 439 org 50 dst 24
1965 pac 440 org 21 dst 71
1967 pac 441 org 74 dst 63
1968 pac 442 org 50 dst 40
1969 pac 443 org 77 dst 52
1969 pac 444 org 68 dst 76
1974 pac 445 org 72 dst 29
1979 pac 446 org 90 dst 33
1986 pac 447 org 32 dst 35
1992 pac 448 org 71 dst 1
1992 pac 449 org 69 dst 47
2000 pac 450 org 19 dst 38
2004 pac 451 org 59 dst 84
2011 pac 452 org 39 dst 34
2012 pac 453 org 9 dst 48
2014 pac 454 org 2 dst 33
2020 pac 455 org 49 dst 74
2024 pac 456 org 66 dst 6
2026 pac 457 org 81 dst 64
2030 pac 458 org 63 dst 28
2039 pac 459 org 30 dst 75
2045 pac 460 org 30 dst 77
2049 pac 461 org 76 dst 23
2052 pac 462 org 10 dst 22
2061 pac 463 org 91 dst 26
2063 pac 464 org 68 dst 66
2068 pac 465 org 60 dst 84
2074 pac 466 org 60 dst 37
2075 pac 467 org 50 dst 86
2081 pac 468 org 20 dst 28
2090 pac 469 org 43 dst 34
2096 pac 470 org 81 dst 8
2100 pac 471 org 74 dst 38
2106 pac 472 org 88 dst 2
2112 pac 473 org 50 dst 79
2115 pac 474 org 72 dst 2
2122 pac 475 org 43 dst 65
2127 pac 476 org 39 dst 87
2131 pac 477 org 56 dst 63
2132 pac 478 org 3 dst 62
2139 pac 479 org 22 dst 4
2140 pac 480 org 71 dst 66
2148 pac 481 org 38 dst 51
2150 pac 482 org 75 dst 17
2155 pac 483 org 44 dst 19
2160 pac 484 org 19 dst 4
2161 pac 485 org 92 dst 83
2167 pac 486 org 89 dst 42
2172 pac 487 org 43 dst 60
2181 pac 488 org 40 dst 38
2186 pac 489 org 70 dst 90
2192 pac 490 org 59 dst 81
2197 pac 491 org 2 dst 59
2199 pac 492 org 24 dst 34
2208 pac 493 org 37 dst 90
2216 pac 494 org 75 dst 10
2224 pac 495 org 55 dst 11
2228 pac 496 org 43 dst 48
2235 pac 497 org 44 dst 58
2239 pac 498 org 26 dst 68
2248 pac 499 org 65 dst 29
