5
20
100
1
97
0 0 0 0 0 0 0 0 0 0 0 0 0 0 0 0 0 0 0 0 0 0 0 0 0 0 0 0 0 0 0 0 0 0 0 0 0 0 0 0 0 0 0 0 0 0 0 0 0 0 0 0 0 0 1 1 0 0 0 0 0 0 0 0 0 0 0 0 0 0 0 0 0 0 0 0 0 0 0 0 0 0 0 0 0 0 0 0 0 0 0 0 0 0 0 0 0
0 0 0 0 0 0 0 0 0 0 0 0 0 0 0 0 0 0 0 0 0 0 0 0 0 0 0 0 0 0 0 0 0 0 0 0 0 0 0 0 0 0 0 0 0 0 0 0 0 0 0 0 0 0 0 0 0 0 0 0 0 0 0 0 0 0 0 0 0 0 0 0 0 0 0 0 0 0 0 0 0 0 0 0 0 0 0 0 0 0 0 0 0 1 0 0 0
0 0 0 0 0 0 0 0 0 0 0 0 0 0 0 0 0 0 0 0 0 0 0 0 0 0 0 0 0 0 0 0 0 0 0 0 0 0 0 0 0 0 0 0 0 0 0 0 0 0 0 0 0 0 0 0 0 0 0 0 0 0 1 0 0 0 0 0 0 0 0 0 0 0 0 0 0 0 0 0 0 0 0 0 0 0 0 0 0 0 0 0 0 0 0 0 0
0 0 0 0 0 0 0 0 0 0 0 0 0 0 0 0 0 0 0 0 0 0 0 0 0 0 0 0 0 0 1 0 0 0 0 0 0 0 0 0 0 0 0 0 0 0 0 0 0 0 0 0 0 0 0 0 0 0 0 0 0 0 0 0 0 0 0 0 0 0 0 0 0 0 0 0 0 0 0 0 0 0 0 0 0 0 0 0 0 0 0 0 0 0 0 0 0
0 0 0 0 0 0 0 0 0 0 0 0 0 0 0 0 0 0 0 0 0 0 0 0 0 0 0 0 0 0 0 0 0 0 0 0 0 0 0 0 0 0 0 0 1 0 0 0 0 0 0 0 0 0 0 0 0 0 0 0 0 0 0 0 0 0 0 0 0 0 0 0 0 0 0 0 0 0 0 0 0 0 0 0 0 0 0 0 0 0 0 0 0 0 0 0 0
0 0 0 0 0 0 0 0 0 0 0 0 0 0 0 0 0 0 0 0 0 0 0 0 0 0 0 0 0 0 0 0 0 0 0 0 0 0 0 0 0 0 0 0 0 0 0 0 0 0 0 0 0 0 0 0 0 1 0 0 0 0 0 0 0 0 0 0 0 0 0 0 0 0 0 0 0 0 0 0 0 0 0 0 0 0 0 0 0 0 0 0 0 0 0 0 0
0 0 0 0 0 0 0 0 0 0 0 0 1 0 0 0 0 0 0 0 0 0 0 0 0 0 1 0 0 0 0 0 0 0 0 0 0 0 0 0 0 0 0 0 0 0 0 0 0 0 0 0 0 0 0 0 0 0 0 0 0 0 0 0 0 0 0 0 0 0 0 0 0 0 0 0 0 0 0 0 0 0 1 0 0 0 0 0 0 0 0 0 0 0 0 0 0
0 0 0 0 0 0 0 0 0 0 0 0 0 0 0 0 0 0 0 0 0 0 0 0 0 0 0 0 0 0 0 0 0 0 0 0 0 0 0 0 0 0 0 0 0 0 0 0 0 0 0 0 0 0 0 1 0 0 0 0 0 0 0 0 0 0 0 0 0 0 0 0 0 0 0 0 0 0 0 0 0 0 0 0 0 0 0 0 0 0 0 0 0 0 0 0 0
0 0 0 0 0 0 0 0 0 0 0 0 0 0 0 0 0 0 0 1 0 0 0 0 0 0 0 0 0 0 0 0 0 0 0 0 0 0 0 0 0 0 0 0 0 0 0 0 0 0 0 0 0 0 0 0 0 0 0 0 0 0 0 0 0 0 0 0 0 0 0 0 0 0 0 0 0 0 0 0 0 0 0 0 0 0 0 0 0 0 0 0 0 0 0 0 0
0 0 0 0 0 0 0 0 0 0 0 0 0 0 0 0 0 0 0 0 0 0 0 0 0 0 0 0 0 0 0 0 0 0 0 0 0 0 0 0 0 0 0 0 0 0 1 0 0 0 0 0 0 0 0 0 0 0 0 0 0 0 0 0 0 0 0 0 0 0 0 0 0 0 0 0 0 0 0 0 0 0 0 0 0 0 0 0 0 0 0 0 0 0 0 0 0
0 0 0 0 0 0 0 0 0 0 0 0 0 0 0 0 0 0 0 0 0 0 0 0 0 0 0 0 0 0 0 0 0 0 0 0 0 0 0 0 0 0 0 0 0 0 0 0 0 0 0 0 0 0 0 0 0 0 0 0 0 0 0 0 0 0 0 0 0 0 0 0 0 0 0 0 0 0 0 0 0 0 0 0 0 1 0 0 0 0 0 0 0 0 0 0 1
0 0 0 0 0 0 0 0 0 0 0 0 0 0 0 0 1 0 0 0 0 0 0 0 0 0 0 0 0 0 0 0 0 0 0 0 0 0 0 0 0 0 0 0 0 0 0 0 0 0 0 0 0 0 0 0 0 0 0 0 0 0 0 0 0 0 0 0 0 0 0 0 1 0 0 0 0 0 0 0 0 0 0 0 0 0 0 0 0 0 0 0 0 0 0 0 0
0 0 0 0 0 0 1 0 0 0 0 0 0 0 0 0 0 0 0 0 0 0 0 0 0 0 0 0 0 0 0 0 0 0 0 0 0 0 0 0 0 0 0 0 0 0 0 0 0 0 0 0 0 0 0 0 0 0 0 0 0 0 0 0 0 0 0 0 0 0 0 0 0 0 0 0 0 0 0 0 0 0 0 0 0 0 0 0 0 0 0 0 0 0 0 0 0
0 0 0 0 0 0 0 0 0 0 0 0 0 0 0 0 0 0 0 0 0 0 0 0 1 0 0 0 0 0 0 0 0 0 0 0 0 0 0 0 0 0 0 0 0 0 0 0 0 0 0 0 0 0 0 0 0 0 0 0 0 0 0 0 0 0 0 0 0 0 0 0 0 0 0 0 0 0 1 0 0 0 0 0 0 0 0 0 0 0 0 0 0 0 0 0 0
0 0 0 0 0 0 0 0 0 0 0 0 0 0 0 0 0 0 0 0 0 0 0 0 0 0 0 0 0 0 0 0 0 0 0 0 0 0 0 0 0 0 0 0 0 0 0 0 0 0 0 0 0 0 0 0 0 0 0 0 0 0 0 0 0 1 0 0 0 0 0 0 0 0 0 0 0 0 0 0 0 0 0 0 0 0 0 0 0 0 0 0 1 0 0 0 0
0 0 0 0 0 0 0 0 0 0 0 0 0 0 0 0 0 0 0 0 0 0 0 0 0 0 0 1 0 0 0 0 0 0 0 0 0 0 0 0 0 0 0 0 0 0 0 0 0 0 0 0 0 0 0 0 0 0 0 0 0 0 0 0 0 0 0 0 0 0 0 0 0 0 0 0 0 0 0 0 0 0 0 0 0 0 0 0 0 0 0 0 0 0 0 0 0
0 0 0 0 0 0 0 0 0 0 0 1 0 0 0 0 0 0 0 0 0 0 0 0 0 0 0 0 0 0 0 0 0 0 0 0 0 0 0 0 0 0 0 0 0 0 0 0 0 0 0 0 0 0 0 0 0 0 0 0 0 0 0 0 0 0 0 0 0 0 0 0 0 0 0 0 0 0 0 0 0 0 0 0 0 0 0 0 0 0 0 0 0 0 1 0 0
0 0 0 0 0 0 0 0 0 0 0 0 0 0 0 0 0 0 0 0 1 0 0 0 0 0 0 0 0 0 0 0 0 0 0 0 0 0 0 0 0 0 0 0 0 0 0 0 0 0 0 0 0 0 0 0 0 0 0 0 0 0 0 0 0 0 0 0 0 0 0 0 0 0 0 0 0 0 0 0 0 0 0 0 0 0 0 0 0 0 0 0 0 0 0 0 0
0 0 0 0 0 0 0 0 0 0 0 0 0 0 0 0 0 0 0 0 0 0 0 0 0 0 0 0 0 0 0 0 0 0 0 0 0 0 0 0 0 0 0 0 0 0 0 0 0 0 0 0 0 0 0 0 0 1 0 0 0 0 0 0 0 0 0 0 0 0 0 0 0 0 0 0 0 0 0 0 0 0 0 0 0 0 0 0 0 0 0 0 0 0 0 0 1
0 0 0 0 0 0 0 0 1 0 0 0 0 0 0 0 0 0 0 0 0 0 0 0 0 0 0 0 0 0 0 0 0 0 0 0 0 0 0 0 0 0 0 0 0 0 0 0 0 0 0 0 1 0 0 0 0 0 0 0 0 0 0 0 0 0 0 0 0 0 0 0 0 0 0 0 0 0 0 0 0 0 0 0 0 0 0 0 0 0 0 0 0 0 0 0 0
0 0 0 0 0 0 0 0 0 0 0 0 0 0 0 0 0 1 0 0 0 0 0 0 0 0 0 0 0 0 0 0 0 0 0 0 0 0 0 0 0 0 0 0 0 0 0 0 0 0 0 0 0 0 0 0 0 0 0 0 1 0 0 0 0 0 0 0 0 0 0 0 0 0 0 0 0 0 0 0 0 0 0 0 0 0 0 0 0 0 0 0 0 0 0 0 0
0 0 0 0 0 0 0 0 0 0 0 0 0 0 0 0 0 0 0 0 0 0 0 0 0 0 0 0 0 0 0 0 0 0 0 0 0 0 0 0 1 0 0 0 0 0 0 0 0 0 1 0 0 0 0 0 1 0 0 0 0 0 0 0 0 0 0 0 0 0 0 0 0 0 0 0 0 0 0 0 0 0 0 0 0 0 0 0 0 0 0 0 0 0 0 0 0
0 0 0 0 0 0 0 0 0 0 0 0 0 0 0 0 0 0 0 0 0 0 0 0 0 0 0 0 0 0 0 0 0 0 0 0 0 0 0 0 0 0 0 0 0 0 0 0 0 0 0 0 0 0 0 0 0 0 0 0 0 0 0 0 0 0 0 1 0 0 0 0 0 0 0 0 0 1 0 0 0 1 0 0 0 0 0 0 0 0 0 0 0 0 0 0 0
0 0 0 0 0 0 0 0 0 0 0 0 0 0 0 0 0 0 0 0 0 0 0 0 0 0 0 0 0 0 0 0 0 0 0 0 0 0 0 0 0 0 0 0 0 0 0 1 1 0 0 0 0 0 0 0 0 0 0 0 0 0 0 0 0 0 0 0 0 0 0 0 0 0 0 0 0 0 0 0 0 0 0 0 0 0 0 0 0 0 0 0 0 0 0 0 0
0 0 0 0 0 0 0 0 0 0 0 0 0 1 0 0 0 0 0 0 0 0 0 0 0 0 0 0 0 0 0 0 0 0 0 0 0 0 0 0 0 0 0 0 0 0 0 0 0 0 0 0 0 0 0 0 0 0 0 0 0 0 0 0 0 0 0 0 0 0 0 0 0 0 0 0 0 0 0 0 0 0 0 0 0 0 0 0 0 0 0 0 0 0 0 0 0
0 0 0 0 0 0 0 0 0 0 0 0 0 0 0 0 0 0 0 0 0 0 0 0 0 0 0 0 0 0 0 0 0 0 0 0 0 0 0 0 1 0 0 0 0 0 0 0 0 0 0 0 0 0 0 0 0 0 0 0 0 0 0 0 0 0 0 0 0 0 0 0 0 0 0 0 0 0 0 0 0 0 0 0 0 0 0 0 0 0 0 1 1 0 0 0 0
0 0 0 0 0 0 1 0 0 0 0 0 0 0 0 0 0 0 0 0 0 0 0 0 0 0 0 0 0 0 0 0 0 0 0 0 0 0 0 0 0 0 0 0 0 0 1 0 0 0 0 0 0 0 0 0 0 0 0 0 0 0 0 0 0 0 0 0 0 0 0 0 0 0 0 0 0 0 0 0 0 0 0 0 0 0 0 0 0 0 0 0 0 0 0 0 0
0 0 0 0 0 0 0 0 0 0 0 0 0 0 0 1 0 0 0 0 0 0 0 0 0 0 0 0 0 0 0 0 0 0 0 0 0 0 0 0 0 0 0 0 0 0 0 0 0 0 0 0 0 0 0 0 0 0 0 0 0 0 0 0 0 0 0 0 1 0 1 0 0 0 0 0 0 0 0 0 0 0 0 0 0 0 0 0 0 0 0 0 0 0 0 0 0
0 0 0 0 0 0 0 0 0 0 0 0 0 0 0 0 0 0 0 0 0 0 0 0 0 0 0 0 0 0 0 0 0 0 0 0 0 0 0 0 0 0 0 1 0 0 0 0 0 0 0 0 0 0 0 0 0 0 0 0 0 0 1 0 0 0 0 0 1 0 0 0 0 0 0 0 0 0 0 0 0 0 0 0 0 0 0 0 0 0 0 0 0 0 0 0 0
0 0 0 0 0 0 0 0 0 0 0 0 0 0 0 0 0 0 0 0 0 0 0 0 0 0 0 0 0 0 0 0 0 0 0 0 0 0 0 0 0 0 0 0 0 0 0 0 0 0 0 0 0 0 0 0 0 0 0 0 0 0 0 0 1 0 0 0 0 0 0 0 0 0 0 0 0 0 0 0 0 0 0 0 0 0 0 0 0 0 0 0 0 0 0 0 0
0 0 0 1 0 0 0 0 0 0 0 0 0 0 0 0 0 0 0 0 0 0 0 0 0 0 0 0 0 0 0 0 0 0 0 0 0 0 0 0 0 0 1 0 0 0 0 0 0 0 0 0 0 0 0 0 0 0 0 0 0 0 0 0 0 0 0 0 0 0 0 0 0 0 0 0 0 0 0 0 1 0 0 0 0 0 0 0 0 0 0 0 0 0 0 0 0
0 0 0 0 0 0 0 0 0 0 0 0 0 0 0 0 0 0 0 0 0 0 0 0 0 0 0 0 0 0 0 0 0 0 0 0 0 0 0 0 0 0 0 0 0 0 0 0 0 0 0 0 0 0 0 0 0 0 0 0 0 0 0 0 0 0 0 0 0 0 0 0 0 0 0 0 0 0 0 0 0 0 0 0 0 0 0 0 1 0 0 0 0 0 0 1 0
0 0 0 0 0 0 0 0 0 0 0 0 0 0 0 0 0 0 0 0 0 0 0 0 0 0 0 0 0 0 0 0 0 0 0 0 0 0 0 0 0 0 0 0 0 0 0 0 0 0 0 0 0 0 0 0 1 0 0 0 0 0 0 0 0 0 0 0 0 0 0 0 0 0 0 0 0 0 0 0 1 0 0 0 0 0 0 0 0 0 0 0 0 0 0 0 0
0 0 0 0 0 0 0 0 0 0 0 0 0 0 0 0 0 0 0 0 0 0 0 0 0 0 0 0 0 0 0 0 0 0 0 0 0 0 0 0 0 0 0 0 0 0 0 0 0 0 0 1 0 0 0 0 0 0 0 0 0 0 0 0 0 0 0 0 0 0 0 0 0 0 0 0 0 0 0 0 0 0 0 0 0 0 0 0 0 0 1 0 0 0 0 0 0
0 0 0 0 0 0 0 0 0 0 0 0 0 0 0 0 0 0 0 0 0 0 0 0 0 0 0 0 0 0 0 0 0 0 0 0 0 0 0 0 0 0 0 0 0 0 0 0 0 0 0 0 0 0 0 1 0 0 0 0 0 0 0 0 0 0 0 0 0 0 0 0 0 0 0 1 0 0 0 0 0 0 0 0 0 0 0 0 0 0 0 0 0 0 0 0 1
0 0 0 0 0 0 0 0 0 0 0 0 0 0 0 0 0 0 0 0 0 0 0 0 0 0 0 0 0 0 0 0 0 0 0 0 0 0 0 0 0 0 0 0 0 0 0 0 0 0 0 0 0 0 0 0 0 0 0 0 0 0 0 0 0 0 0 0 0 0 0 0 1 0 0 0 0 0 0 0 0 0 0 0 0 0 0 1 0 0 0 0 0 0 0 0 0
0 0 0 0 0 0 0 0 0 0 0 0 0 0 0 0 0 0 0 0 0 0 0 0 0 0 0 0 0 0 0 0 0 0 0 0 0 0 0 0 0 0 0 0 0 0 0 0 0 0 0 0 0 0 1 0 0 0 1 0 0 0 0 0 0 0 0 0 0 0 0 0 0 0 0 0 0 0 0 0 0 0 0 0 0 0 0 0 0 0 0 0 0 0 0 0 0
0 0 0 0 0 0 0 0 0 0 0 0 0 0 0 0 0 0 0 0 0 0 0 0 0 0 0 0 0 0 0 0 0 0 0 0 0 0 0 0 0 0 0 0 0 0 0 0 0 0 0 0 0 0 0 0 0 0 0 0 0 0 0 0 0 0 0 0 0 0 0 0 0 0 0 0 0 1 0 0 0 0 0 0 0 0 0 0 0 0 0 0 0 0 0 1 0
0 0 0 0 0 0 0 0 0 0 0 0 0 0 0 0 0 0 0 0 0 0 0 0 0 0 0 0 0 0 0 0 0 0 0 0 0 0 0 0 0 0 0 0 0 0 0 0 0 0 0 0 0 0 0 0 0 0 0 0 0 0 0 0 0 0 0 0 0 0 0 0 0 0 0 0 0 0 0 0 0 0 0 0 0 0 0 1 0 0 0 0 0 0 0 0 0
0 0 0 0 0 0 0 0 0 0 0 0 0 0 0 0 0 0 0 0 0 0 0 0 0 0 0 0 0 0 0 0 0 0 0 0 0 0 0 0 0 0 0 0 0 0 0 0 0 0 0 0 0 0 0 0 0 0 0 0 0 0 0 0 0 0 0 1 0 0 0 0 0 0 0 0 1 0 0 0 0 0 0 0 0 0 0 0 0 0 0 0 0 0 0 0 0
0 0 0 0 0 0 0 0 0 0 0 0 0 0 0 0 0 0 0 0 0 1 0 0 0 1 0 0 0 0 0 0 0 0 0 0 0 0 0 0 0 0 0 0 0 0 0 0 0 0 0 0 0 0 0 0 0 0 0 0 0 0 0 0 0 0 0 0 0 0 0 0 0 0 0 0 0 0 0 0 0 0 0 0 0 0 0 0 0 0 0 0 0 0 0 0 0
0 0 0 0 0 0 0 0 0 0 0 0 0 0 0 0 0 0 0 0 0 0 0 0 0 0 0 0 0 0 0 0 0 0 0 0 0 0 0 0 0 0 0 0 0 0 0 0 1 0 0 0 0 0 0 0 0 0 0 0 0 0 0 0 0 0 0 0 0 0 0 0 0 0 0 0 0 0 0 0 0 0 0 0 0 0 1 0 0 0 0 0 0 0 0 0 0
0 0 0 0 0 0 0 0 0 0 0 0 0 0 0 0 0 0 0 0 0 0 0 0 0 0 0 0 0 0 1 0 0 0 0 0 0 0 0 0 0 0 0 0 0 0 0 0 0 0 0 0 0 0 0 0 0 0 0 0 0 0 0 0 0 0 0 0 0 0 0 0 0 0 0 0 0 0 0 0 0 0 0 0 0 0 0 0 0 0 0 0 0 0 0 0 0
0 0 0 0 0 0 0 0 0 0 0 0 0 0 0 0 0 0 0 0 0 0 0 0 0 0 0 0 1 0 0 0 0 0 0 0 0 0 0 0 0 0 0 0 0 0 0 0 0 0 0 0 0 0 0 0 0 0 0 0 0 0 0 0 0 0 0 0 0 0 0 0 0 0 0 0 0 0 0 0 0 0 0 0 0 0 0 0 0 0 0 0 0 0 0 0 0
0 0 0 0 1 0 0 0 0 0 0 0 0 0 0 0 0 0 0 0 0 0 0 0 0 0 0 0 0 0 0 0 0 0 0 0 0 0 0 0 0 0 0 0 0 0 0 0 0 0 0 0 0 0 1 0 0 0 0 0 0 0 0 0 0 0 0 0 0 1 0 0 0 0 0 0 0 0 0 0 0 0 0 0 0 0 0 0 0 0 0 0 0 0 0 0 0
0 0 0 0 0 0 0 0 0 0 0 0 0 0 0 0 0 0 0 0 0 0 0 0 0 0 0 0 0 0 0 0 0 0 0 0 0 0 0 0 0 0 0 0 0 0 0 0 1 0 0 0 0 0 0 0 0 0 0 0 0 0 0 0 0 0 0 0 0 0 0 0 0 0 0 0 0 0 0 0 0 0 0 0 0 0 0 0 0 0 0 0 0 0 0 0 0
0 0 0 0 0 0 0 0 0 1 0 0 0 0 0 0 0 0 0 0 0 0 0 0 0 0 1 0 0 0 0 0 0 0 0 0 0 0 0 0 0 0 0 0 0 0 0 0 0 0 0 0 0 0 0 0 0 0 0 0 0 0 0 0 0 0 0 0 0 0 0 0 0 0 0 0 0 0 0 0 0 0 0 0 0 0 0 0 0 0 0 0 0 0 0 0 0
0 0 0 0 0 0 0 0 0 0 0 0 0 0 0 0 0 0 0 0 0 0 0 1 0 0 0 0 0 0 0 0 0 0 0 0 0 0 0 0 0 0 0 0 0 0 0 0 0 0 0 0 0 0 0 0 0 0 0 0 0 0 0 0 0 0 0 0 0 0 0 0 0 0 0 0 0 0 0 0 0 0 0 0 0 0 0 0 0 0 0 0 0 0 0 0 0
0 0 0 0 0 0 0 0 0 0 0 0 0 0 0 0 0 0 0 0 0 0 0 1 0 0 0 0 0 0 0 0 0 0 0 0 0 0 0 0 0 1 0 0 0 1 0 0 0 0 0 0 0 0 0 0 0 0 0 0 0 0 0 0 0 0 0 0 0 0 0 0 0 0 1 0 0 0 0 0 0 0 0 1 0 0 0 0 0 0 0 0 0 0 0 0 0
0 0 0 0 0 0 0 0 0 0 0 0 0 0 0 0 0 0 0 0 0 0 0 0 0 0 0 0 0 0 0 0 0 0 0 0 0 0 0 0 0 0 0 0 0 0 0 0 0 0 0 0 0 1 0 1 0 0 0 0 0 0 0 0 0 0 0 0 0 0 0 0 0 0 0 0 0 0 0 0 0 0 0 0 0 0 0 0 0 0 0 0 0 0 0 0 0
0 0 0 0 0 0 0 0 0 0 0 0 0 0 0 0 0 0 0 0 0 1 0 0 0 0 0 0 0 0 0 0 0 0 0 0 0 0 0 0 0 0 0 0 0 0 0 0 0 0 0 0 0 0 0 0 0 0 0 0 0 0 0 0 0 0 0 0 0 0 0 0 0 0 0 0 0 0 0 0 0 0 0 0 0 0 0 0 0 0 0 0 0 0 0 0 0
0 0 0 0 0 0 0 0 0 0 0 0 0 0 0 0 0 0 0 0 0 0 0 0 0 0 0 0 0 0 0 0 0 1 0 0 0 0 0 0 0 0 0 0 0 0 0 0 0 0 0 0 0 0 0 0 0 0 0 1 0 0 0 0 0 0 0 0 0 0 0 0 0 0 0 0 0 0 0 0 0 0 0 0 0 0 0 0 0 0 0 0 0 0 0 0 0
0 0 0 0 0 0 0 0 0 0 0 0 0 0 0 0 0 0 0 1 0 0 0 0 0 0 0 0 0 0 0 0 0 0 0 0 0 0 0 0 0 0 0 0 0 0 0 0 0 0 0 0 0 0 0 1 0 0 0 0 0 0 1 0 0 0 0 0 0 0 0 0 0 0 0 0 0 0 0 0 0 0 0 0 0 0 0 0 0 0 0 0 0 0 0 0 0
0 0 0 0 0 0 0 0 0 0 0 0 0 0 0 0 0 0 0 0 0 0 0 0 0 0 0 0 0 0 0 0 0 0 0 0 0 0 0 0 0 0 0 0 0 0 0 0 0 1 0 0 0 0 0 0 0 0 0 0 0 0 0 0 0 0 0 0 0 0 0 0 0 0 0 0 0 0 0 0 0 0 0 0 0 0 0 0 0 1 0 0 0 0 0 0 0
1 0 0 0 0 0 0 0 0 0 0 0 0 0 0 0 0 0 0 0 0 0 0 0 0 0 0 0 0 0 0 0 0 0 0 0 1 0 0 0 0 0 0 0 1 0 0 0 0 0 0 0 0 0 0 0 0 0 0 0 0 0 0 0 0 0 0 0 0 0 0 0 0 0 0 0 0 0 0 0 0 0 0 0 0 0 0 0 0 0 0 0 0 0 0 0 0
1 0 0 0 0 0 0 1 0 0 0 0 0 0 0 0 0 0 0 0 0 0 0 0 0 0 0 0 0 0 0 0 0 0 1 0 0 0 0 0 0 0 0 0 0 0 0 0 0 1 0 0 1 0 0 0 0 0 0 0 0 0 0 0 0 0 0 0 0 0 0 0 0 0 0 0 0 0 0 0 0 0 0 0 0 0 0 0 0 0 0 0 0 0 0 1 0
0 0 0 0 0 0 0 0 0 0 0 0 0 0 0 0 0 0 0 0 0 1 0 0 0 0 0 0 0 0 0 0 1 0 0 0 0 0 0 0 0 0 0 0 0 0 0 0 0 0 0 0 0 0 0 0 0 0 0 0 0 0 0 0 0 0 0 0 0 0 0 0 0 0 0 0 0 0 0 0 0 0 0 0 0 0 0 0 0 0 0 0 0 0 0 0 0
0 0 0 0 0 1 0 0 0 0 0 0 0 0 0 0 0 0 1 0 0 0 0 0 0 0 0 0 0 0 0 0 0 0 0 0 0 0 0 0 0 0 0 0 0 0 0 0 0 0 0 0 0 0 0 0 0 0 0 0 0 0 0 0 0 0 0 0 0 0 0 0 0 0 0 0 0 0 0 0 0 0 0 0 0 0 1 0 0 0 1 0 0 0 0 0 0
0 0 0 0 0 0 0 0 0 0 0 0 0 0 0 0 0 0 0 0 0 0 0 0 0 0 0 0 0 0 0 0 0 0 0 0 1 0 0 0 0 0 0 0 0 0 0 0 0 0 0 0 0 0 0 0 0 0 0 0 0 0 0 0 0 0 0 0 0 0 0 1 0 0 0 0 0 0 0 0 0 0 0 0 0 0 0 0 0 0 0 0 0 0 0 0 0
0 0 0 0 0 0 0 0 0 0 0 0 0 0 0 0 0 0 0 0 0 0 0 0 0 0 0 0 0 0 0 0 0 0 0 0 0 0 0 0 0 0 0 0 0 0 0 0 0 0 0 1 0 0 0 0 0 0 0 0 0 0 0 0 0 0 0 0 0 0 0 0 0 0 0 0 0 0 0 0 0 0 0 0 0 0 0 0 0 0 0 0 0 0 0 0 0
0 0 0 0 0 0 0 0 0 0 0 0 0 0 0 0 0 0 0 0 1 0 0 0 0 0 0 0 0 0 0 0 0 0 0 0 0 0 0 0 0 0 0 0 0 0 0 0 0 0 0 0 0 0 0 0 0 0 0 0 0 0 0 0 0 1 0 0 0 0 0 0 0 0 0 0 0 0 0 0 0 0 0 0 0 0 0 0 0 0 0 0 0 0 0 0 0
0 0 0 0 0 0 0 0 0 0 0 0 0 0 0 0 0 0 0 0 0 0 0 0 0 0 0 0 0 0 0 0 0 0 0 0 0 0 0 0 0 0 0 0 0 0 0 0 0 0 0 0 0 0 0 0 0 0 0 0 0 0 0 0 0 0 0 0 0 0 0 0 0 0 0 0 0 0 0 0 0 0 0 1 0 0 0 0 0 0 0 0 0 0 0 0 0
0 0 1 0 0 0 0 0 0 0 0 0 0 0 0 0 0 0 0 0 0 0 0 0 0 0 0 0 1 0 0 0 0 0 0 0 0 0 0 0 0 0 0 0 0 0 0 0 0 0 0 0 1 0 0 0 0 0 0 0 0 0 0 0 0 0 0 0 0 0 0 0 0 0 0 0 0 0 0 0 0 0 0 0 0 0 0 0 0 0 0 1 0 0 0 0 0
0 0 0 0 0 0 0 0 0 0 0 0 0 0 0 0 0 0 0 0 0 0 0 0 0 0 0 0 0 0 0 0 0 0 0 0 0 0 0 0 0 0 0 0 0 0 0 0 0 0 0 0 0 0 0 0 0 0 0 0 0 0 0 0 0 0 0 0 0 0 0 0 0 0 0 0 0 0 0 1 0 0 0 0 0 0 0 0 0 0 1 0 0 1 0 0 0
0 0 0 0 0 0 0 0 0 0 0 0 0 0 0 0 0 0 0 0 0 0 0 0 0 0 0 0 0 1 0 0 0 0 0 0 0 0 0 0 0 0 0 0 0 0 0 0 0 0 0 0 0 0 0 0 0 0 0 0 0 0 0 0 0 0 0 0 1 0 0 0 0 0 0 0 0 0 0 0 0 0 0 0 0 0 0 0 0 0 0 0 0 0 0 0 0
0 0 0 0 0 0 0 0 0 0 0 0 0 0 1 0 0 0 0 0 0 0 0 0 0 0 0 0 0 0 0 0 0 0 0 0 0 0 0 0 0 0 0 0 0 0 0 0 0 0 0 0 0 0 0 0 0 0 0 0 1 0 0 0 0 0 0 0 0 0 0 0 0 1 0 0 0 0 0 0 0 0 0 0 0 0 0 0 0 0 0 0 0 0 0 0 0
0 0 0 0 0 0 0 0 0 0 0 0 0 0 0 0 0 0 0 0 0 0 0 0 0 0 0 0 0 0 0 0 0 0 0 0 0 0 0 0 0 0 0 0 0 0 0 0 0 0 0 0 0 0 0 0 0 0 0 0 0 0 0 0 0 0 0 0 0 0 0 0 0 0 0 1 0 0 0 0 0 0 0 0 0 0 0 0 0 0 0 0 0 0 0 0 0
0 0 0 0 0 0 0 0 0 0 0 0 0 0 0 0 0 0 0 0 0 0 1 0 0 0 0 0 0 0 0 0 0 0 0 0 0 0 0 1 0 0 0 0 0 0 0 0 0 0 0 0 0 0 0 0 0 0 0 0 0 0 0 0 0 0 0 0 0 0 0 0 0 0 0 0 0 0 0 0 0 0 0 0 1 0 0 0 0 0 0 0 0 0 0 0 0
0 0 0 0 0 0 0 0 0 0 0 0 0 0 0 0 0 0 0 0 0 0 0 0 0 0 0 1 1 0 0 0 0 0 0 0 0 0 0 0 0 0 0 0 0 0 0 0 0 0 0 0 0 0 0 0 0 0 0 0 0 0 0 0 1 0 0 0 0 0 0 0 0 0 0 0 0 0 0 0 0 0 0 0 0 0 0 0 0 0 0 0 0 0 0 0 0
0 0 0 0 0 0 0 0 0 0 0 0 0 0 0 0 0 0 0 0 0 0 0 0 0 0 0 0 0 0 0 0 0 0 0 0 0 0 0 0 0 0 0 0 1 0 0 0 0 0 0 0 0 0 0 0 0 0 0 0 0 0 0 0 0 0 0 0 0 0 0 0 0 0 0 0 0 0 0 0 0 0 0 0 0 0 0 1 0 0 0 0 0 0 0 0 0
0 0 0 0 0 0 0 0 0 0 0 0 0 0 0 0 0 0 0 0 0 0 0 0 0 0 0 1 0 0 0 0 0 0 0 0 0 0 0 0 0 0 0 0 0 0 0 0 0 0 0 0 0 0 0 0 0 0 0 0 0 0 0 0 0 0 0 0 0 0 0 0 0 0 0 0 0 0 0 0 0 0 0 0 0 0 0 0 0 0 0 0 0 0 0 0 0
0 0 0 0 0 0 0 0 0 0 0 0 0 0 0 0 0 0 0 0 0 0 0 0 0 0 0 0 0 0 0 0 0 0 0 0 0 0 0 0 0 0 0 0 0 0 0 0 0 0 0 0 0 0 0 0 0 0 1 0 0 0 0 0 0 0 0 0 0 0 0 0 0 0 0 0 0 0 0 0 0 0 0 0 0 0 0 0 0 0 0 0 0 0 0 0 0
0 0 0 0 0 0 0 0 0 0 0 1 0 0 0 0 0 0 0 0 0 0 0 0 0 0 0 0 0 0 0 0 0 0 0 1 0 0 0 0 0 0 0 0 0 0 0 0 0 0 0 0 0 0 0 0 0 0 0 0 0 0 0 0 0 0 0 0 0 0 0 0 0 0 0 0 0 0 0 0 0 0 0 0 0 0 0 0 0 0 0 0 0 0 0 0 0
0 0 0 0 0 0 0 0 0 0 0 0 0 0 0 0 0 0 0 0 0 0 0 0 0 0 0 0 0 0 0 0 0 0 0 0 0 0 0 0 0 0 0 0 0 0 0 0 0 0 0 0 0 0 0 0 0 0 0 0 0 0 0 0 0 1 0 0 0 0 0 0 0 0 0 0 0 0 0 0 0 0 0 0 0 0 0 0 0 0 0 0 0 0 0 0 0
0 0 0 0 0 0 0 0 0 0 0 0 0 0 0 0 0 0 0 0 0 0 0 0 0 0 0 0 0 0 0 0 0 0 0 0 0 0 0 0 0 0 0 0 0 0 0 0 1 0 0 0 0 0 0 0 0 0 0 0 0 0 0 0 0 0 0 0 0 0 0 0 0 0 0 0 0 0 0 0 0 0 0 0 0 0 0 0 0 0 0 0 0 0 0 0 0
0 0 0 0 0 0 0 0 0 0 0 0 0 0 0 0 0 0 0 0 0 0 0 0 0 0 0 0 0 0 0 0 0 0 1 0 0 0 0 0 0 0 0 0 0 0 0 0 0 0 0 0 0 0 0 0 0 0 0 0 0 0 0 0 0 0 1 0 0 0 0 0 0 0 0 0 0 0 1 0 0 0 0 0 0 0 0 0 0 0 0 0 0 0 0 0 0
0 0 0 0 0 0 0 0 0 0 0 0 0 0 0 0 0 0 0 0 0 0 0 0 0 0 0 0 0 0 0 0 0 0 0 0 0 0 0 1 0 0 0 0 0 0 0 0 0 0 0 0 0 0 0 0 0 0 0 0 0 0 0 0 0 0 0 0 0 0 0 0 0 0 0 0 0 0 0 0 0 0 0 0 0 0 0 0 0 0 0 0 0 0 0 0 0
0 0 0 0 0 0 0 0 0 0 0 0 0 0 0 0 0 0 0 0 0 0 1 0 0 0 0 0 0 0 0 0 0 0 0 0 0 1 0 0 0 0 0 0 0 0 0 0 0 0 0 0 0 0 0 0 0 0 0 0 0 0 0 0 0 0 0 0 0 0 0 0 0 0 0 0 0 0 0 0 0 0 0 0 0 0 0 0 0 0 0 0 0 0 0 0 0
0 0 0 0 0 0 0 0 0 0 0 0 0 1 0 0 0 0 0 0 0 0 0 0 0 0 0 0 0 0 0 0 0 0 0 0 0 0 0 0 0 0 0 0 0 0 0 0 0 0 0 0 0 0 0 0 0 0 0 0 0 0 0 0 0 0 0 0 0 0 0 0 0 0 0 1 0 0 0 0 0 0 0 0 0 0 0 0 0 0 0 0 0 0 0 0 0
0 0 0 0 0 0 0 0 0 0 0 0 0 0 0 0 0 0 0 0 0 0 0 0 0 0 0 0 0 0 0 0 0 0 0 0 0 0 0 0 0 0 0 0 0 0 0 0 0 0 0 0 0 0 0 0 0 0 0 0 0 0 0 1 0 0 0 0 0 0 0 0 0 0 0 0 0 0 0 0 0 0 0 0 0 0 0 0 0 0 0 0 0 0 0 0 0
0 0 0 0 0 0 0 0 0 0 0 0 0 0 0 0 0 0 0 0 0 0 0 0 0 0 0 0 0 0 1 0 1 0 0 0 0 0 0 0 0 0 0 0 0 0 0 0 0 0 0 0 0 0 0 0 0 0 0 0 0 0 0 0 0 0 0 0 0 0 0 0 0 0 0 0 0 0 0 0 0 0 0 0 0 0 0 0 0 0 0 0 0 0 0 0 0
0 0 0 0 0 0 0 0 0 0 0 0 0 0 0 0 0 0 0 0 0 0 1 0 0 0 0 0 0 0 0 0 0 0 0 0 0 0 0 0 0 0 0 0 0 0 0 0 0 0 0 0 0 0 0 0 0 0 0 0 0 0 0 0 0 0 0 0 0 0 0 0 0 0 0 0 0 0 0 0 0 0 0 0 0 0 0 0 0 0 0 0 0 0 0 0 0
0 0 0 0 0 0 1 0 0 0 0 0 0 0 0 0 0 0 0 0 0 0 0 0 0 0 0 0 0 0 0 0 0 0 0 0 0 0 0 0 0 0 0 0 0 0 0 0 0 0 0 0 0 0 0 0 0 0 0 0 0 0 0 0 0 0 0 0 0 0 0 0 0 0 0 0 0 0 0 0 0 0 0 0 0 0 0 0 0 0 0 0 0 0 0 1 0
0 0 0 0 0 0 0 0 0 0 0 0 0 0 0 0 0 0 0 0 0 0 0 0 0 0 0 0 0 0 0 0 0 0 0 0 0 0 0 0 0 0 0 0 0 0 0 0 1 0 0 0 0 0 0 0 0 0 0 0 0 1 0 0 0 0 0 0 0 0 0 0 0 0 0 0 0 0 0 0 0 0 0 0 0 0 0 0 0 0 0 0 0 0 0 0 0
0 0 0 0 0 0 0 0 0 0 0 0 0 0 0 0 0 0 0 0 0 0 0 0 0 0 0 0 0 0 0 0 0 0 0 0 0 0 0 0 0 0 0 0 0 0 0 0 0 0 0 0 0 0 0 0 0 0 0 0 0 0 0 0 0 0 0 1 0 0 0 0 0 0 0 0 0 0 0 0 0 0 0 0 0 0 0 0 0 0 0 0 0 0 0 0 0
0 0 0 0 0 0 0 0 0 0 1 0 0 0 0 0 0 0 0 0 0 0 0 0 0 0 0 0 0 0 0 0 0 0 0 0 0 0 0 0 0 0 0 0 0 0 0 0 0 0 0 0 0 0 0 0 0 0 0 0 0 0 0 0 0 0 0 0 0 0 0 0 0 0 0 0 0 0 0 0 0 0 0 0 0 0 0 0 0 0 0 0 0 0 0 0 0
0 0 0 0 0 0 0 0 0 0 0 0 0 0 0 0 0 0 0 0 0 0 0 0 0 0 0 0 0 0 0 0 0 0 0 0 0 0 0 0 0 1 0 0 0 0 0 0 0 0 0 0 0 0 0 0 0 1 0 0 0 0 0 0 0 0 0 0 0 0 0 0 0 0 0 0 0 0 0 0 0 0 0 0 0 0 0 0 0 0 0 0 0 0 0 0 0
0 0 0 0 0 0 0 0 0 0 0 0 0 0 0 0 0 0 0 0 0 0 0 0 0 0 0 0 0 0 0 0 0 0 0 1 0 0 1 0 0 0 0 0 0 0 0 0 0 0 0 0 0 0 0 0 0 0 0 0 0 0 0 0 0 0 0 0 0 1 0 0 0 0 0 0 0 0 0 0 0 0 0 0 0 0 0 0 0 0 0 0 0 0 0 0 0
0 0 0 0 0 0 0 0 0 0 0 0 0 0 0 0 0 0 0 0 0 0 0 0 0 0 0 0 0 0 0 1 0 0 0 0 0 0 0 0 0 0 0 0 0 0 0 0 0 0 0 0 0 0 0 0 0 0 0 0 0 0 0 0 0 0 0 0 0 0 0 0 0 0 0 0 0 0 0 0 0 0 0 0 0 0 0 0 0 0 0 0 0 0 0 0 0
0 0 0 0 0 0 0 0 0 0 0 0 0 0 0 0 0 0 0 0 0 0 0 0 0 0 0 0 0 0 0 0 0 0 0 0 0 0 0 0 0 0 0 0 0 0 0 0 0 0 0 0 0 1 0 0 0 0 0 0 0 0 0 0 0 0 0 0 0 0 0 0 0 0 0 0 0 0 0 0 0 0 0 0 0 0 0 0 0 0 0 0 0 0 0 0 0
0 0 0 0 0 0 0 0 0 0 0 0 0 0 0 0 0 0 0 0 0 0 0 0 0 0 0 0 0 0 0 0 0 1 0 0 0 0 0 0 0 0 0 0 0 0 0 0 0 0 0 0 0 0 0 0 0 1 0 0 0 0 0 1 0 0 0 0 0 0 0 0 0 0 0 0 0 0 0 0 0 0 0 0 0 0 0 0 0 0 0 0 0 0 0 0 0
0 0 0 0 0 0 0 0 0 0 0 0 0 0 0 0 0 0 0 0 0 0 0 0 0 1 0 0 0 0 0 0 0 0 0 0 0 0 0 0 0 0 0 0 0 0 0 0 0 0 0 0 0 0 0 0 0 0 0 0 0 0 1 0 0 0 0 0 0 0 0 0 0 0 0 0 0 0 0 0 0 0 0 0 0 0 0 0 0 0 0 0 0 0 0 0 0
0 0 0 0 0 0 0 0 0 0 0 0 0 0 1 0 0 0 0 0 0 0 0 0 0 1 0 0 0 0 0 0 0 0 0 0 0 0 0 0 0 0 0 0 0 0 0 0 0 0 0 0 0 0 0 0 0 0 0 0 0 0 0 0 0 0 0 0 0 0 0 0 0 0 0 0 0 0 0 0 0 0 0 0 0 0 0 0 0 0 0 0 0 0 0 0 0
0 1 0 0 0 0 0 0 0 0 0 0 0 0 0 0 0 0 0 0 0 0 0 0 0 0 0 0 0 0 0 0 0 0 0 0 0 0 0 0 0 0 0 0 0 0 0 0 0 0 0 0 0 0 0 0 0 0 0 0 0 0 0 1 0 0 0 0 0 0 0 0 0 0 0 0 0 0 0 0 0 0 0 0 0 0 0 0 0 0 0 0 0 0 0 0 0
0 0 0 0 0 0 0 0 0 0 0 0 0 0 0 0 1 0 0 0 0 0 0 0 0 0 0 0 0 0 0 0 0 0 0 0 0 0 0 0 0 0 0 0 0 0 0 0 0 0 0 0 0 0 0 0 0 0 0 0 0 0 0 0 0 0 0 0 0 0 0 0 0 0 0 0 0 0 0 0 0 0 0 0 0 0 0 0 0 0 0 0 0 0 0 0 0
0 0 0 0 0 0 0 0 0 0 0 0 0 0 0 0 0 0 0 0 0 0 0 0 0 0 0 0 0 0 0 1 0 0 0 0 0 1 0 0 0 0 0 0 0 0 0 0 0 0 0 0 0 0 0 1 0 0 0 0 0 0 0 0 0 0 0 0 0 0 0 0 0 0 0 0 0 0 0 0 0 0 1 0 0 0 0 0 0 0 0 0 0 0 0 0 0
0 0 0 0 0 0 0 0 0 0 1 0 0 0 0 0 0 0 1 0 0 0 0 0 0 0 0 0 0 0 0 0 0 0 1 0 0 0 0 0 0 0 0 0 0 0 0 0 0 0 0 0 0 0 0 0 0 0 0 0 0 0 0 0 0 0 0 0 0 0 0 0 0 0 0 0 0 0 0 0 0 0 0 0 0 0 0 0 0 0 0 0 0 0 0 0 0
500
1 pac 0 org 67 dst 35
3 pac 1 org 50 dst 33
6 pac 2 org 24 dst 11
13 pac 3 org 3 dst 24
20 pac 4 org 55 dst 18
27 pac 5 org 15 dst 72
35 pac 6 org 48 dst 42
39 pac 7 org 34 dst 80
40 pac 8 org 16 dst 13
42 pac 9 org 61 dst 65
44 pac 10 org 3 dst 75
50 pac 11 org 31 dst 13
50 pac 12 org 82 dst 11
50 pac 13 org 82 dst 38
58 pac 14 org 10 dst 79
67 pac 15 org 37 dst 10
67 pac 16 org 15 dst 3
73 pac 17 org 1 dst 74
74 pac 18 org 19 dst 67
79 pac 19 org 65 dst 55
84 pac 20 org 21 dst 85
91 pac 21 org 80 dst 17
97 pac 22 org 23 dst 44
102 pac 23 org 49 dst 73
102 pac 24 org 68 dst 42
109 pac 25 org 41 dst 8
117 pac 26 org 77 dst 70
122 pac 27 org 68 dst 49
126 pac 28 org 36 dst 8
128 pac 29 org 77 dst 1
128 pac 30 org 60 dst 2
128 pac 31 org 63 dst 10
137 pac 32 org 77 dst 41
137 pac 33 org 63 dst 62
145 pac 34 org 85 dst 94
154 pac 35 org 64 dst 23
155 pac 36 org 44 dst 50
161 pac 37 org 6 dst 54
161 pac 38 org 51 dst 29
165 pac 39 org 69 dst 96
168 pac 40 org 87 dst 5
171 pac 41 org 70 dst 39
176 pac 42 org 10 dst 42
181 pac 43 org 87 dst 90
185 pac 44 org 49 dst 67
189 pac 45 org 77 dst 29
193 pac 46 org 19 dst 17
202 pac 47 org 91 dst 59
207 pac 48 org 34 dst 46
215 pac 49 org 15 dst 66
216 pac 50 org 2 dst 59
216 pac 51 org 66 dst 30
219 pac 52 org 26 dst 77
219 pac 53 org 17 dst 23
220 pac 54 org 47 dst 69
227 pac 55 org 9 dst 67
234 pac 56 org 87 dst 71
238 pac 57 org 79 dst 62
239 pac 58 org 7 dst 31
239 pac 59 org 3 dst 39
239 pac 60 org 91 dst 58
239 pac 61 org 90 dst 74
240 pac 62 org 84 dst 8
243 pac 63 org 42 dst 14
244 pac 64 org 6 dst 33
247 pac 65 org 53 dst 81
251 pac 66 org 82 dst 92
254 pac 67 org 62 dst 13
262 pac 68 org 20 dst 96
265 pac 69 org 24 dst 79
268 pac 70 org 54 dst 80
271 pac 71 org 94 dst 59
279 pac 72 org 48 dst 25
282 pac 73 org 45 dst 89
286 pac 74 org 15 dst 32
288 pac 75 org 40 dst 78
293 pac 76 org 17 dst 20
302 pac 77 org 52 dst 81
309 pac 78 org 44 dst 61
314 pac 79 org 70 dst 84
322 pac 80 org 77 dst 79
331 pac 81 org 65 dst 73
335 pac 82 org 10 dst 40
344 pac 83 org 65 dst 24
345 pac 84 org 95 dst 55
351 pac 85 org 72 dst 70
358 pac 86 org 56 dst 13
367 pac 87 org 37 dst 40
374 pac 88 org 51 dst 16
377 pac 89 org 44 dst 53
384 pac 90 org 36 dst 17
385 pac 91 org 46 dst 94
394 pac 92 org 22 dst 38
402 pac 93 org 40 dst 22
407 pac 94 org 16 dst 96
414 pac 95 org 26 dst 10
421 pac 96 org 68 dst 67
426 pac 97 org 80 dst 13
433 pac 98 org 29 dst 4
438 pac 99 org 60 dst 61
439 pac 100 org 54 dst 8
447 pac 101 org 28 dst 0
455 pac 102 org 51 dst 10
462 pac 103 org 38 dst 3
469 pac 104 org 56 dst 62
478 pac 105 org 36 dst 60
482 pac 106 org 74 dst 87
482 pac 107 org 57 dst 5
489 pac 108 org 93 dst 27
496 pac 109 org 82 dst 95
499 pac 110 org 81 dst 9
503 pac 111 org 50 dst 6
512 pac 112 org 80 dst 41
521 pac 113 org 16 dst 72
529 pac 114 org 16 dst 2
532 pac 115 org 44 dst 60
540 pac 116 org 15 dst 26
543 pac 117 org 36 dst 4
543 pac 118 org 67 dst 87
544 pac 119 org 15 dst 22
551 pac 120 org 72 dst 43
557 pac 121 org 18 dst 25
564 pac 122 org 12 dst 90
571 pac 123 org 26 dst 91
574 pac 124 org 41 dst 18
576 pac 125 org 60 dst 31
581 pac 126 org 26 dst 90
589 pac 127 org 15 dst 74
598 pac 128 org 73 dst 8
604 pac 129 org 95 dst 1
613 pac 130 org 0 dst 63
613 pac 131 org 3 dst 96
618 pac 132 org 78 dst 72
627 pac 133 org 38 dst 84
629 pac 134 org 94 dst 76
638 pac 135 org 53 dst 49
647 pac 136 org 54 dst 51
651 pac 137 org 58 dst 39
653 pac 138 org 56 dst 66
662 pac 139 org 52 dst 24
663 pac 140 org 82 dst 11
668 pac 141 org 96 dst 43
668 pac 142 org 69 dst 60
676 pac 143 org 21 dst 65
678 pac 144 org 17 dst 51
684 pac 145 org 79 dst 32
690 pac 146 org 77 dst 21
692 pac 147 org 9 dst 0
701 pac 148 org 31 dst 55
702 pac 149 org 23 dst 62
711 pac 150 org 73 dst 59
713 pac 151 org 18 dst 19
714 pac 152 org 13 dst 77
719 pac 153 org 85 dst 29
726 pac 154 org 16 dst 10
733 pac 155 org 13 dst 94
738 pac 156 org 62 dst 82
745 pac 157 org 2 dst 60
747 pac 158 org 41 dst 86
747 pac 159 org 46 dst 54
751 pac 160 org 52 dst 36
756 pac 161 org 19 dst 96
758 pac 162 org 72 dst 39
764 pac 163 org 11 dst 36
770 pac 164 org 90 dst 45
772 pac 165 org 7 dst 3
776 pac 166 org 51 dst 5
778 pac 167 org 85 dst 88
778 pac 168 org 19 dst 72
786 pac 169 org 71 dst 20
794 pac 170 org 35 dst 16
799 pac 171 org 0 dst 75
806 pac 172 org 66 dst 31
810 pac 173 org 16 dst 66
813 pac 174 org 91 dst 9
813 pac 175 org 17 dst 4
817 pac 176 org 9 dst 68
826 pac 177 org 63 dst 38
829 pac 178 org 65 dst 60
837 pac 179 org 23 dst 92
841 pac 180 org 45 dst 77
843 pac 181 org 62 dst 70
852 pac 182 org 69 dst 23
860 pac 183 org 14 dst 51
860 pac 184 org 84 dst 32
869 pac 185 org 58 dst 52
877 pac 186 org 88 dst 75
879 pac 187 org 38 dst 13
881 pac 188 org 95 dst 73
885 pac 189 org 44 dst 10
885 pac 190 org 35 dst 20
894 pac 191 org 93 dst 5
898 pac 192 org 9 dst 89
903 pac 193 org 63 dst 74
906 pac 194 org 30 dst 57
910 pac 195 org 8 dst 67
917 pac 196 org 75 dst 66
924 pac 197 org 6 dst 31
929 pac 198 org 27 dst 3
929 pac 199 org 48 dst 60
937 pac 200 org 57 dst 37
937 pac 201 org 47 dst 7
941 pac 202 org 28 dst 39
941 pac 203 org 62 dst 70
946 pac 204 org 43 dst 92
946 pac 205 org 52 dst 13
954 pac 206 org 62 dst 29
961 pac 207 org 70 dst 28
962 pac 208 org 74 dst 12
964 pac 209 org 53 dst 40
973 pac 210 org 47 dst 10
973 pac 211 org 35 dst 11
981 pac 212 org 59 dst 84
989 pac 213 org 14 dst 22
994 pac 214 org 27 dst 70
998 pac 215 org 32 dst 88
999 pac 216 org 54 dst 25
1007 pac 217 org 33 dst 23
1016 pac 218 org 76 dst 65
1019 pac 219 org 32 dst 70
1023 pac 220 org 33 dst 39
1023 pac 221 org 45 dst 59
1024 pac 222 org 73 dst 57
1028 pac 223 org 47 dst 30
1031 pac 224 org 32 dst 96
1033 pac 225 org 72 dst 30
1033 pac 226 org 67 dst 50
1035 pac 227 org 32 dst 47
1036 pac 228 org 48 dst 13
1043 pac 229 org 53 dst 38
1046 pac 230 org 26 dst 35
1047 pac 231 org 91 dst 7
1056 pac 232 org 33 dst 61
1058 pac 233 org 38 dst 58
1061 pac 234 org 88 dst 41
1062 pac 235 org 50 dst 8
1064 pac 236 org 52 dst 34
1070 pac 237 org 96 dst 64
1078 pac 238 org 34 dst 96
1082 pac 239 org 69 dst 83
1083 pac 240 org 30 dst 8
1085 pac 241 org 59 dst 51
1093 pac 242 org 55 dst 68
1101 pac 243 org 71 dst 36
1105 pac 244 org 96 dst 43
1114 pac 245 org 30 dst 88
1116 pac 246 org 17 dst 72
1121 pac 247 org 77 dst 15
1121 pac 248 org 74 dst 60
1128 pac 249 org 11 dst 82
1128 pac 250 org 62 dst 21
1130 pac 251 org 16 dst 75
1138 pac 252 org 88 dst 80
1139 pac 253 org 72 dst 13
1146 pac 254 org 95 dst 68
1153 pac 255 org 65 dst 54
1155 pac 256 org 69 dst 86
1161 pac 257 org 93 dst 76
1162 pac 258 org 15 dst 28
1163 pac 259 org 60 dst 24
1172 pac 260 org 43 dst 16
1172 pac 261 org 77 dst 0
1178 pac 262 org 31 dst 65
1185 pac 263 org 7 dst 30
1186 pac 264 org 17 dst 66
1195 pac 265 org 61 dst 11
1202 pac 266 org 81 dst 23
1208 pac 267 org 87 dst 53
1208 pac 268 org 22 dst 36
1215 pac 269 org 58 dst 60
1224 pac 270 org 31 dst 38
1224 pac 271 org 53 dst 10
1233 pac 272 org 1 dst 16
1236 pac 273 org 95 dst 15
1241 pac 274 org 17 dst 54
1246 pac 275 org 17 dst 36
1251 pac 276 org 38 dst 83
1256 pac 277 org 63 dst 72
1264 pac 278 org 36 dst 31
1268 pac 279 org 33 dst 57
1272 pac 280 org 53 dst 86
1280 pac 281 org 82 dst 33
1282 pac 282 org 57 dst 90
1286 pac 283 org 95 dst 88
1289 pac 284 org 52 dst 96
1292 pac 285 org 4 dst 44
1293 pac 286 org 75 dst 87
1300 pac 287 org 69 dst 48
1308 pac 288 org 87 dst 43
1311 pac 289 org 0 dst 68
1314 pac 290 org 53 dst 27
1318 pac 291 org 68 dst 2
1324 pac 292 org 80 dst 63
1328 pac 293 org 74 dst 53
1337 pac 294 org 59 dst 51
1341 pac 295 org 54 dst 11
1350 pac 296 org 30 dst 49
1353 pac 297 org 42 dst 94
1360 pac 298 org 58 dst 4
1368 pac 299 org 76 dst 16
1373 pac 300 org 87 dst 40
1381 pac 301 org 40 dst 88
1384 pac 302 org 41 dst 52
1385 pac 303 org 15 dst 14
1386 pac 304 org 21 dst 46
1387 pac 305 org 57 dst 56
1388 pac 306 org 81 dst 33
1390 pac 307 org 93 dst 92
1394 pac 308 org 19 dst 22
1400 pac 309 org 14 dst 38
1404 pac 310 org 77 dst 52
1412 pac 311 org 91 dst 74
1416 pac 312 org 55 dst 11
1424 pac 313 org 63 dst 32
1428 pac 314 org 70 dst 72
1431 pac 315 org 35 dst 79
1431 pac 316 org 72 dst 88
1436 pac 317 org 20 dst 57
1437 pac 318 org 26 dst 49
1446 pac 319 org 94 dst 66
1451 pac 320 org 73 dst 34
1459 pac 321 org 60 dst 82
1462 pac 322 org 50 dst 94
1466 pac 323 org 88 dst 49
1468 pac 324 org 87 dst 74
1476 pac 325 org 6 dst 23
1478 pac 326 org 41 dst 46
1484 pac 327 org 60 dst 23
1488 pac 328 org 50 dst 54
1488 pac 329 org 31 dst 16
1494 pac 330 org 29 dst 85
1503 pac 331 org 49 dst 57
1509 pac 332 org 51 dst 0
1517 pac 333 org 49 dst 15
1525 pac 334 org 72 dst 54
1528 pac 335 org 74 dst 44
1528 pac 336 org 7 dst 49
1536 pac 337 org 76 dst 16
1544 pac 338 org 1 dst 37
1548 pac 339 org 61 dst 48
1548 pac 340 org 31 dst 7
1548 pac 341 org 8 dst 5
1548 pac 342 org 10 dst 90
1557 pac 343 org 90 dst 33
1563 pac 344 org 70 dst 93
1570 pac 345 org 6 dst 27
1570 pac 346 org 93 dst 95
1578 pac 347 org 82 dst 60
1584 pac 348 org 88 dst 58
1586 pac 349 org 37 dst 83
1593 pac 350 org 72 dst 77
1600 pac 351 org 17 dst 46
1605 pac 352 org 59 dst 66
1609 pac 353 org 75 dst 88
1611 pac 354 org 78 dst 13
1615 pac 355 org 22 dst 94
1620 pac 356 org 12 dst 75
1620 pac 357 org 36 dst 53
1629 pac 358 org 84 dst 63
1637 pac 359 org 72 dst 26
1643 pac 360 org 60 dst 41
1649 pac 361 org 13 dst 60
1652 pac 362 org 96 dst 30
1660 pac 363 org 33 dst 31
1661 pac 364 org 45 dst 30
1669 pac 365 org 25 dst 23
1677 pac 366 org 18 dst 36
1680 pac 367 org 49 dst 22
1681 pac 368 org 34 dst 6
1689 pac 369 org 3 dst 80
1692 pac 370 org 31 dst 56
1695 pac 371 org 47 dst 82
1699 pac 372 org 3 dst 29
1707 pac 373 org 41 dst 59
1709 pac 374 org 53 dst 68
1718 pac 375 org 37 dst 0
1726 pac 376 org 76 dst 93
1726 pac 377 org 42 dst 79
1730 pac 378 org 64 dst 24
1737 pac 379 org 31 dst 9
1741 pac 380 org 23 dst 17
1742 pac 381 org 17 dst 20
1742 pac 382 org 65 dst 50
1751 pac 383 org 74 dst 36
1751 pac 384 org 41 dst 68
1759 pac 385 org 51 dst 5
1767 pac 386 org 73 dst 2
1775 pac 387 org 59 dst 48
1778 pac 388 org 42 dst 36
1787 pac 389 org 82 dst 31
1791 pac 390 org 23 dst 2
1794 pac 391 org 62 dst 45
1799 pac 392 org 66 dst 70
1805 pac 393 org 64 dst 29
1810 pac 394 org 43 dst 27
1812 pac 395 org 15 dst 13
1815 pac 396 org 85 dst 86
1823 pac 397 org 71 dst 91
1824 pac 398 org 26 dst 45
1830 pac 399 org 28 dst 88
1839 pac 400 org 4 dst 45
1839 pac 401 org 42 dst 35
1841 pac 402 org 38 dst 15
1850 pac 403 org 49 dst 22
1850 pac 404 org 64 dst 58
1852 pac 405 org 43 dst 96
1854 pac 406 org 43 dst 76
1863 pac 407 org 33 dst 37
1869 pac 408 org 1 dst 14
1873 pac 409 org 35 dst 5
1882 pac 410 org 59 dst 58
1885 pac 411 org 69 dst 92
1889 pac 412 org 80 dst 94
1892 pac 413 org 88 dst 60
1897 pac 414 org 78 dst 42
1897 pac 415 org 4 dst 65
1900 pac 416 org 5 dst 73
1902 pac 417 org 92 dst 34
1911 pac 418 org 5 dst 2
1913 pac 419 org 21 dst 73
1921 pac 420 org 40 dst 17
1925 pac 421 org 85 dst 83
1926 pac 422 org 55 dst 85
1927 pac 423 org 9 dst 70
1933 pac 424 org 1 dst 3
1940 pac 425 org 78 dst 49
1947 pac 426 org 94 dst 51
1954 pac 427 org 47 dst 81
1960 pac 428 org 23 dst 18
1969 pac 429 org 28 dst 78
1973 pac 430 org 77 dst 26
1977 pac 431 org 33 dst 86
1983 pac 432 org 58 dst 19
1984 pac 433 org 37 dst 62
1991 pac 434 org 9 dst 31
1996 pac 435 org 66 dst 76
2001 pac 436 org 10 dst 53
2009 pac 437 org 93 dst 1
2015 pac 438 org 89 dst 4
2023 pac 439 org 49 dst 63
2025 pac 440 org 34 dst 52
2032 pac 441 org 48 dst 22
2038 pac 442 org 59 dst 78
2042 pac 443 org 27 dst 52
2047 pac 444 org 11 dst 81
2055 pac 445 org 18 dst 71
2058 pac 446 org 1 dst 75
2061 pac 447 org 56 dst 94
2064 pac 448 org 55 dst 34
2064 pac 449 org 72 dst 75
2069 pac 450 org 64 dst 72
2073 pac 451 org 0 dst 20
2082 pac 452 org 86 dst 62
2085 pac 453 org 42 dst 40
2090 pac 454 org 71 dst 9
2093 pac 455 org 16 dst 2
2100 pac 456 org 21 dst 51
2100 pac 457 org 65 dst 69
2106 pac 458 org 43 dst 85
2109 pac 459 org 28 dst 66
2117 pac 460 org 44 dst 31
2125 pac 461 org 89 dst 31
2127 pac 462 org 59 dst 79
2129 pac 463 org 48 dst 11
2131 pac 464 org 34 dst 95
2138 pac 465 org 89 dst 71
2147 pac 466 org 28 dst 63
2151 pac 467 org 48 dst 62
2160 pac 468 org 60 dst 52
2163 pac 469 org 10 dst 21
2166 pac 470 org 66 dst 45
2166 pac 471 org 92 dst 85
2170 pac 472 org 62 dst 77
2170 pac 473 org 43 dst 92
2178 pac 474 org 64 dst 52
2178 pac 475 org 63 dst 76
2185 pac 476 org 38 dst 45
2194 pac 477 org 71 dst 40
2200 pac 478 org 50 dst 59
2206 pac 479 org 43 dst 3
2206 pac 480 org 15 dst 23
2210 pac 481 org 69 dst 12
2218 pac 482 org 53 dst 84
2222 pac 483 org 18 dst 24
2224 pac 484 org 20 dst 55
2233 pac 485 org 4 dst 55
2242 pac 486 org 87 dst 13
2246 pac 487 org 44 dst 59
2250 pac 488 org 63 dst 55
2257 pac 489 org 39 dst 88
2263 pac 490 org 94 dst 55
2263 pac 491 org 85 dst 66
2265 pac 492 org 62 dst 49
2268 pac 493 org 35 dst 26
2276 pac 494 org 94 dst 92
2281 pac 495 org 10 dst 80
2285 pac 496 org 11 dst 83
2289 pac 497 org 50 dst 45
2291 pac 498 org 61 dst 77
2298 pac 499 org 71 dst 40
