5
20
100
1
86
0 0 0 0 0 0 0 0 0 0 0 0 0 0 0 0 0 0 0 0 0 0 0 0 0 0 0 0 0 0 0 0 0 0 0 0 0 0 0 0 0 0 0 0 0 0 0 0 1 1 0 0 0 0 0 0 0 0 0 0 0 0 0 0 0 1 0 0 0 0 0 0 0 0 0 0 0 0 0 0 0 0 0 0 0 0
0 0 0 0 0 0 0 0 0 0 0 0 0 0 0 0 0 0 0 0 0 0 0 0 0 0 0 0 0 0 0 0 0 0 0 0 0 0 0 0 0 0 0 0 0 0 0 0 0 0 0 0 0 0 0 0 0 0 0 0 0 0 0 0 0 0 0 0 0 0 0 0 0 0 0 0 0 0 0 0 0 0 1 0 0 0
0 0 0 0 0 0 0 0 0 0 0 0 0 0 0 0 0 0 0 0 0 0 0 0 0 0 1 0 0 0 0 0 0 0 0 0 0 0 0 0 0 0 0 0 0 0 0 0 0 0 0 0 0 0 0 0 0 0 0 0 0 0 0 0 0 0 0 0 0 0 0 0 0 0 0 0 0 0 0 0 0 0 0 0 0 0
0 0 0 0 0 0 0 0 0 0 0 0 0 0 0 0 0 0 0 0 0 0 0 0 0 0 0 0 0 0 0 0 0 0 0 0 0 0 0 1 0 0 0 0 0 0 0 0 0 0 0 0 0 0 0 0 0 0 0 0 0 0 0 0 0 0 0 0 0 0 0 0 0 0 0 0 0 0 0 0 0 0 0 0 0 0
0 0 0 0 0 0 0 0 0 0 0 0 0 0 0 0 0 0 0 0 0 0 0 0 0 0 0 0 0 0 0 0 0 0 0 0 0 0 0 0 0 0 0 0 0 0 0 0 1 0 0 0 0 0 0 0 0 0 0 0 0 0 0 0 0 0 0 0 0 0 0 0 0 0 0 0 0 0 0 0 0 0 0 0 0 0
0 0 0 0 0 0 0 0 0 0 0 1 0 0 0 0 0 0 0 0 0 0 0 1 0 0 0 0 0 0 0 0 0 0 0 0 0 0 0 0 0 0 0 0 0 0 0 0 0 0 0 0 0 0 0 0 0 0 0 0 0 0 0 0 0 0 0 0 0 0 0 0 1 0 0 0 0 0 0 0 0 0 0 0 0 0
0 0 0 0 0 0 0 0 0 0 0 0 0 0 0 0 0 0 0 0 0 0 0 0 0 0 0 0 0 0 0 0 0 0 0 0 0 0 0 0 0 0 0 0 0 0 0 0 0 0 0 0 0 0 0 0 1 0 0 0 0 0 0 0 0 0 0 0 0 0 0 0 0 0 0 0 0 0 0 0 0 0 0 0 0 0
0 0 0 0 0 0 0 0 0 0 0 0 0 0 0 0 0 1 0 0 0 0 0 0 0 0 0 0 0 0 0 0 0 0 0 0 0 0 0 0 0 0 0 0 0 0 0 0 1 0 0 0 0 0 0 0 0 0 0 0 0 0 0 0 0 0 0 0 0 0 0 0 0 0 0 0 0 0 0 0 0 0 0 0 0 0
0 0 0 0 0 0 0 0 0 0 0 0 0 0 0 0 0 0 0 0 0 0 0 0 0 0 0 0 0 0 0 0 0 0 0 0 0 0 0 0 0 1 0 0 0 0 0 0 0 0 0 0 0 0 0 0 0 0 0 0 0 0 0 0 0 0 0 0 0 0 0 0 0 0 0 0 0 0 0 0 0 0 0 0 0 0
0 0 0 0 0 0 0 0 0 0 0 0 0 0 0 0 0 0 0 0 0 0 0 0 0 0 0 0 0 0 0 0 0 0 0 0 0 0 0 0 0 0 0 0 0 0 0 0 0 0 0 0 0 0 0 0 0 0 0 0 0 0 0 0 0 0 0 0 0 0 0 0 0 0 0 0 1 0 0 0 0 0 0 0 0 0
0 0 0 0 0 0 0 0 0 0 0 0 0 0 1 0 0 0 0 0 0 0 0 0 0 0 0 0 0 0 0 0 0 0 0 0 0 0 0 0 0 0 0 0 0 0 0 0 0 0 0 0 0 0 0 0 0 0 0 0 0 0 0 0 1 0 0 0 0 0 0 0 0 0 0 0 0 0 0 0 0 0 0 0 0 0
0 0 0 0 0 1 0 0 0 0 0 0 0 0 0 0 0 0 0 0 0 0 0 0 0 0 0 0 0 0 0 0 0 0 0 0 0 0 0 0 0 0 0 0 0 0 0 0 0 0 0 0 0 0 0 0 0 0 0 0 0 0 0 0 0 0 0 0 0 0 0 0 0 0 0 0 0 0 0 0 0 0 0 0 0 0
0 0 0 0 0 0 0 0 0 0 0 0 0 0 0 0 0 0 0 0 0 1 0 0 0 0 0 0 0 0 0 0 0 0 0 0 0 0 0 0 0 0 0 0 0 0 0 0 0 0 0 0 0 0 0 0 0 0 1 0 0 0 0 0 0 0 0 0 0 1 0 0 0 0 0 0 0 0 0 0 0 0 0 0 0 0
0 0 0 0 0 0 0 0 0 0 0 0 0 0 0 0 0 0 0 0 0 0 0 0 0 0 0 0 0 0 0 0 0 0 0 0 0 0 0 0 0 0 0 0 0 0 0 0 0 0 0 0 0 0 0 0 0 0 0 0 0 0 0 0 0 0 0 0 0 0 0 0 0 0 0 0 0 0 0 0 0 1 0 0 0 0
0 0 0 0 0 0 0 0 0 0 1 0 0 0 0 0 0 0 0 0 0 0 0 0 0 0 0 0 0 0 0 0 0 0 0 0 0 0 0 0 0 0 0 0 0 0 0 0 0 0 0 0 0 0 0 0 0 0 0 0 0 0 0 0 0 0 0 0 0 0 0 0 0 0 0 0 0 0 0 0 0 0 0 1 0 0
0 0 0 0 0 0 0 0 0 0 0 0 0 0 0 0 0 1 0 0 0 0 0 0 0 0 0 0 0 0 0 0 0 0 0 0 0 0 0 0 0 0 0 0 0 0 0 0 0 0 0 0 0 0 0 0 0 0 0 0 0 0 0 0 0 0 0 0 0 0 0 0 0 0 0 0 0 0 0 0 0 0 0 0 0 0
0 0 0 0 0 0 0 0 0 0 0 0 0 0 0 0 0 0 0 0 0 0 0 0 0 0 0 0 0 0 0 0 0 0 0 0 0 0 0 0 0 0 0 0 0 0 0 0 0 0 0 1 0 0 0 0 0 0 0 0 0 0 0 0 0 0 0 0 0 0 0 0 0 0 0 0 0 0 0 0 0 0 0 0 0 1
0 0 0 0 0 0 0 1 0 0 0 0 0 0 0 1 0 0 0 0 0 0 0 0 0 0 0 0 0 0 0 0 0 0 0 0 0 0 0 0 0 0 0 0 0 0 0 0 0 0 0 0 0 0 0 0 0 0 0 0 0 0 0 0 0 0 0 0 0 0 0 0 0 0 0 0 0 0 0 0 0 0 0 0 0 0
0 0 0 0 0 0 0 0 0 0 0 0 0 0 0 0 0 0 0 0 0 0 0 0 0 0 0 0 0 0 0 0 0 0 0 0 0 0 0 0 0 0 0 0 0 0 0 0 0 0 1 0 0 1 0 0 0 0 0 0 0 0 0 0 0 0 0 0 0 0 0 0 0 0 0 0 0 0 0 0 0 0 0 0 0 0
0 0 0 0 0 0 0 0 0 0 0 0 0 0 0 0 0 0 0 0 0 0 0 0 0 0 0 0 0 0 0 0 0 0 0 1 0 0 0 0 0 0 0 0 1 0 0 0 0 0 0 0 0 0 0 0 0 0 0 1 0 0 0 0 0 0 0 0 1 0 0 0 0 0 0 0 0 0 0 0 0 0 0 0 0 0
0 0 0 0 0 0 0 0 0 0 0 0 0 0 0 0 0 0 0 0 0 0 0 0 0 0 0 0 0 0 0 0 0 0 0 0 0 0 0 0 0 0 1 0 0 0 0 0 0 0 0 0 0 0 0 0 0 0 0 0 0 0 0 0 0 0 0 0 0 0 0 0 0 0 0 0 0 0 1 0 0 0 0 0 0 0
0 0 0 0 0 0 0 0 0 0 0 0 1 0 0 0 0 0 0 0 0 0 0 0 0 0 0 0 1 0 0 0 0 0 0 0 0 0 0 0 0 0 0 0 0 0 0 0 0 0 0 0 0 0 0 0 0 0 0 0 0 0 0 0 0 0 0 0 0 0 0 0 0 0 0 0 0 0 0 0 0 0 0 0 0 0
0 0 0 0 0 0 0 0 0 0 0 0 0 0 0 0 0 0 0 0 0 0 0 0 0 0 0 0 0 0 0 0 0 0 0 1 0 0 0 0 0 0 0 0 0 0 0 0 0 0 0 0 0 0 0 0 0 0 0 0 0 0 0 0 0 0 0 0 0 0 0 0 0 0 0 0 0 0 0 0 1 1 0 0 0 0
0 0 0 0 0 1 0 0 0 0 0 0 0 0 0 0 0 0 0 0 0 0 0 0 0 0 0 0 0 0 0 0 0 0 0 0 0 0 0 0 1 0 0 0 0 0 0 0 0 0 0 0 0 0 0 0 0 0 0 0 0 0 0 0 0 1 0 0 0 0 0 0 0 0 0 0 0 0 0 0 0 0 0 0 0 0
0 0 0 0 0 0 0 0 0 0 0 0 0 0 0 0 0 0 0 0 0 0 0 0 0 0 0 0 0 0 0 0 0 0 0 0 0 0 0 0 0 0 0 0 0 0 0 0 0 0 0 0 0 0 0 0 0 0 0 0 1 0 1 0 0 0 0 0 0 0 0 0 0 0 0 0 0 0 0 0 0 0 0 0 0 0
0 0 0 0 0 0 0 0 0 0 0 0 0 0 0 0 0 0 0 0 0 0 0 0 0 0 0 0 0 0 0 0 0 0 0 0 0 0 1 0 0 0 0 0 0 0 0 0 0 0 0 0 0 0 0 1 0 0 0 0 0 0 0 0 0 0 0 0 0 0 0 0 0 0 0 0 0 0 0 0 0 0 0 0 0 0
0 0 1 0 0 0 0 0 0 0 0 0 0 0 0 0 0 0 0 0 0 0 0 0 0 0 0 0 0 0 0 0 0 0 0 0 0 0 0 0 0 0 0 0 0 0 0 0 0 0 0 0 0 0 0 0 0 0 0 0 0 0 0 0 0 0 0 0 0 0 0 1 0 0 0 0 0 0 0 0 0 0 0 0 0 0
0 0 0 0 0 0 0 0 0 0 0 0 0 0 0 0 0 0 0 0 0 0 0 0 0 0 0 0 0 0 0 0 0 0 0 0 0 1 0 0 0 0 0 0 0 0 0 0 0 0 0 0 0 0 0 0 0 0 0 0 0 0 0 0 0 0 0 0 0 0 0 0 0 0 0 0 0 0 0 0 0 0 0 0 1 0
0 0 0 0 0 0 0 0 0 0 0 0 0 0 0 0 0 0 0 0 0 1 0 0 0 0 0 0 0 0 0 0 0 0 0 0 0 0 0 0 0 0 0 0 0 0 0 0 0 0 0 0 0 0 0 0 0 0 0 0 0 0 0 0 0 0 0 0 0 0 0 1 0 0 0 0 0 0 1 0 0 0 0 0 0 0
0 0 0 0 0 0 0 0 0 0 0 0 0 0 0 0 0 0 0 0 0 0 0 0 0 0 0 0 0 0 0 0 0 0 0 0 0 0 0 0 0 0 0 0 0 0 0 0 0 0 1 0 0 0 0 0 0 0 0 0 0 0 0 0 0 0 0 0 0 0 0 0 0 0 0 0 0 0 0 0 1 0 0 0 0 0
0 0 0 0 0 0 0 0 0 0 0 0 0 0 0 0 0 0 0 0 0 0 0 0 0 0 0 0 0 0 0 0 0 0 0 0 0 0 0 0 0 0 0 0 0 0 0 0 0 1 0 0 0 0 0 0 0 0 0 0 0 0 0 0 0 0 0 0 0 0 0 0 0 0 0 0 0 0 0 0 0 0 0 0 0 1
0 0 0 0 0 0 0 0 0 0 0 0 0 0 0 0 0 0 0 0 0 0 0 0 0 0 0 0 0 0 0 0 0 0 0 0 0 0 0 0 0 0 0 0 0 0 0 0 0 0 0 0 0 0 0 0 0 0 0 0 0 0 0 0 1 0 0 0 0 0 0 0 0 0 0 0 0 1 0 0 0 0 0 0 0 0
0 0 0 0 0 0 0 0 0 0 0 0 0 0 0 0 0 0 0 0 0 0 0 0 0 0 0 0 0 0 0 0 0 0 0 0 0 0 0 0 0 0 0 0 0 0 0 0 1 0 0 0 1 0 0 0 0 0 0 0 0 0 0 0 0 0 0 0 0 0 0 0 0 0 0 0 0 0 0 0 0 0 0 0 0 0
0 0 0 0 0 0 0 0 0 0 0 0 0 0 0 0 0 0 0 0 0 0 0 0 0 0 0 0 0 0 0 0 0 0 0 0 0 0 0 0 0 0 0 0 0 0 0 0 0 0 0 0 0 0 0 0 0 0 0 0 0 0 0 0 0 0 0 0 0 0 0 0 0 0 0 0 0 1 0 0 0 0 0 0 1 0
0 0 0 0 0 0 0 0 0 0 0 0 0 0 0 0 0 0 0 0 0 0 0 0 0 0 0 0 0 0 0 0 0 0 0 0 0 0 0 0 0 0 0 0 0 0 0 0 0 0 0 0 0 0 0 0 0 0 0 1 0 0 0 0 0 0 0 1 0 0 0 0 0 0 0 0 0 0 0 0 0 0 0 0 0 0
0 0 0 0 0 0 0 0 0 0 0 0 0 0 0 0 0 0 0 1 0 0 1 0 0 0 0 0 0 0 0 0 0 0 0 0 0 0 0 0 0 0 0 0 0 0 0 0 0 0 0 0 0 0 0 0 0 0 0 0 0 0 0 0 0 0 0 0 0 0 0 0 0 0 0 0 0 0 0 0 0 0 0 0 0 0
0 0 0 0 0 0 0 0 0 0 0 0 0 0 0 0 0 0 0 0 0 0 0 0 0 0 0 0 0 0 0 0 0 0 0 0 0 0 0 0 0 0 0 1 0 0 0 0 0 0 0 0 0 0 0 0 0 0 0 0 0 0 0 0 0 0 0 0 0 0 0 0 0 0 0 0 0 0 0 0 0 0 0 0 0 0
0 0 0 0 0 0 0 0 0 0 0 0 0 0 0 0 0 0 0 0 0 0 0 0 0 0 0 1 0 0 0 0 0 0 0 0 0 0 0 0 0 0 0 0 0 0 0 0 0 0 0 0 0 0 0 0 0 0 0 0 0 0 0 0 0 0 0 0 0 0 0 0 0 0 0 0 0 0 0 0 0 0 0 0 0 0
0 0 0 0 0 0 0 0 0 0 0 0 0 0 0 0 0 0 0 0 0 0 0 0 0 1 0 0 0 0 0 0 0 0 0 0 0 0 0 0 0 0 0 0 0 0 0 0 0 0 0 0 0 0 0 0 0 0 0 0 0 0 0 0 0 0 0 0 0 0 0 0 0 0 0 0 0 0 0 0 0 0 0 0 0 0
0 0 0 1 0 0 0 0 0 0 0 0 0 0 0 0 0 0 0 0 0 0 0 0 0 0 0 0 0 0 0 0 0 0 0 0 0 0 0 0 0 0 0 0 0 0 0 0 0 0 0 0 0 0 0 0 0 0 0 0 0 0 1 0 0 0 0 0 0 0 0 0 0 0 0 0 0 0 0 0 0 0 0 0 0 0
0 0 0 0 0 0 0 0 0 0 0 0 0 0 0 0 0 0 0 0 0 0 0 1 0 0 0 0 0 0 0 0 0 0 0 0 0 0 0 0 0 0 0 0 0 0 0 0 0 0 0 0 0 0 0 0 0 0 0 0 0 0 0 0 0 0 0 0 0 0 0 0 0 0 0 0 0 0 0 0 0 0 0 0 0 0
0 0 0 0 0 0 0 0 1 0 0 0 0 0 0 0 0 0 0 0 0 0 0 0 0 0 0 0 0 0 0 0 0 0 0 0 0 0 0 0 0 0 0 0 0 0 0 0 0 0 0 0 0 0 0 0 0 0 0 0 0 0 0 0 0 0 0 0 0 0 0 0 0 0 0 0 0 0 0 0 1 0 0 0 0 0
0 0 0 0 0 0 0 0 0 0 0 0 0 0 0 0 0 0 0 0 1 0 0 0 0 0 0 0 0 0 0 0 0 0 0 0 0 0 0 0 0 0 0 0 0 0 0 0 0 0 0 0 0 0 0 0 0 0 0 0 0 0 0 0 0 0 0 0 0 0 0 0 0 0 0 0 0 0 0 0 0 0 0 0 0 0
0 0 0 0 0 0 0 0 0 0 0 0 0 0 0 0 0 0 0 0 0 0 0 0 0 0 0 0 0 0 0 0 0 0 0 0 1 0 0 0 0 0 0 0 0 0 0 0 0 1 0 0 0 0 0 0 0 0 0 0 0 0 0 0 0 0 0 0 0 0 0 0 0 0 1 0 0 0 0 0 0 0 0 0 0 0
0 0 0 0 0 0 0 0 0 0 0 0 0 0 0 0 0 0 0 1 0 0 0 0 0 0 0 0 0 0 0 0 0 0 0 0 0 0 0 0 0 0 0 0 0 0 0 1 0 0 0 0 0 0 0 0 0 0 0 0 0 0 0 0 0 0 0 0 0 0 0 0 0 0 0 0 0 0 0 0 0 0 0 0 0 0
0 0 0 0 0 0 0 0 0 0 0 0 0 0 0 0 0 0 0 0 0 0 0 0 0 0 0 0 0 0 0 0 0 0 0 0 0 0 0 0 0 0 0 0 0 0 0 0 0 0 0 0 1 0 0 0 0 0 0 0 0 0 0 0 0 0 0 0 0 0 0 0 0 0 0 0 0 0 0 0 0 0 0 0 0 0
0 0 0 0 0 0 0 0 0 0 0 0 0 0 0 0 0 0 0 0 0 0 0 0 0 0 0 0 0 0 0 0 0 0 0 0 0 0 0 0 0 0 0 0 0 0 0 0 0 0 0 0 0 0 0 1 0 0 0 0 0 0 0 0 0 0 0 0 0 0 0 0 0 0 0 0 0 0 0 0 0 0 0 0 0 0
0 0 0 0 0 0 0 0 0 0 0 0 0 0 0 0 0 0 0 0 0 0 0 0 0 0 0 0 0 0 0 0 0 0 0 0 0 0 0 0 0 0 0 0 1 0 0 0 0 0 0 0 0 0 0 0 0 0 0 0 0 0 0 0 0 0 0 0 0 0 0 0 0 0 0 0 0 0 0 1 0 0 0 0 0 0
1 0 0 0 1 0 0 1 0 0 0 0 0 0 0 0 0 0 0 0 0 0 0 0 0 0 0 0 0 0 0 0 1 0 0 0 0 0 0 0 0 0 0 0 0 0 0 0 0 0 0 0 0 0 0 0 0 0 0 0 0 0 0 0 0 0 0 0 0 0 0 0 0 0 0 0 0 0 0 0 0 0 0 0 1 0
1 0 0 0 0 0 0 0 0 0 0 0 0 0 0 0 0 0 0 0 0 0 0 0 0 0 0 0 0 0 1 0 0 0 0 0 0 0 0 0 0 0 0 1 0 0 0 0 0 0 0 0 0 0 0 0 0 0 0 0 0 0 0 0 0 0 0 0 0 0 0 0 0 0 0 0 0 0 0 0 0 0 0 0 0 0
0 0 0 0 0 0 0 0 0 0 0 0 0 0 0 0 0 0 1 0 0 0 0 0 0 0 0 0 0 1 0 0 0 0 0 0 0 0 0 0 0 0 0 0 0 0 0 0 0 0 0 0 0 0 0 0 0 0 0 0 0 0 0 0 0 0 0 0 0 0 0 0 0 0 0 0 0 0 0 0 0 0 0 0 0 0
0 0 0 0 0 0 0 0 0 0 0 0 0 0 0 0 1 0 0 0 0 0 0 0 0 0 0 0 0 0 0 0 0 0 0 0 0 0 0 0 0 0 0 0 0 0 0 0 0 0 0 0 0 0 0 0 0 0 0 0 0 0 0 1 0 0 0 0 0 0 0 0 0 0 0 0 1 0 0 0 1 0 0 0 0 0
0 0 0 0 0 0 0 0 0 0 0 0 0 0 0 0 0 0 0 0 0 0 0 0 0 0 0 0 0 0 0 0 1 0 0 0 0 0 0 0 0 0 0 0 0 1 0 0 0 0 0 0 0 0 0 0 0 0 0 0 0 0 0 0 0 0 0 0 0 0 0 0 0 0 0 0 0 0 0 0 0 0 0 0 0 0
0 0 0 0 0 0 0 0 0 0 0 0 0 0 0 0 0 0 1 0 0 0 0 0 0 0 0 0 0 0 0 0 0 0 0 0 0 0 0 0 0 0 0 0 0 0 0 0 0 0 0 0 0 0 0 0 0 0 1 0 0 0 0 0 0 0 0 0 0 0 0 0 0 0 0 0 0 0 0 0 0 0 0 0 0 0
0 0 0 0 0 0 0 0 0 0 0 0 0 0 0 0 0 0 0 0 0 0 0 0 0 0 0 0 0 0 0 0 0 0 0 0 0 0 0 0 0 0 0 0 0 0 0 0 0 0 0 0 0 0 0 0 0 0 0 0 0 0 0 0 0 0 0 0 0 0 0 0 0 1 0 0 0 0 0 0 0 0 0 0 0 0
0 0 0 0 0 0 0 0 0 0 0 0 0 0 0 0 0 0 0 0 0 0 0 0 0 1 0 0 0 0 0 0 0 0 0 0 0 0 0 0 0 0 0 0 0 0 1 0 0 0 0 0 0 0 0 0 0 0 0 0 0 0 0 0 0 0 0 0 0 0 1 0 0 0 0 0 0 0 0 0 0 1 1 0 0 0
0 0 0 0 0 0 1 0 0 0 0 0 0 0 0 0 0 0 0 0 0 0 0 0 0 0 0 0 0 0 0 0 0 0 0 0 0 0 0 0 0 0 0 0 0 0 0 0 0 0 0 0 0 0 0 0 0 0 0 0 1 0 0 0 0 0 0 0 0 0 0 0 0 0 0 0 0 0 0 0 1 0 0 0 0 0
0 0 0 0 0 0 0 0 0 0 0 0 0 0 0 0 0 0 0 0 0 0 0 0 0 0 0 0 0 0 0 0 0 0 0 0 0 0 0 0 0 0 0 0 0 0 0 0 0 0 0 0 0 0 0 0 0 0 0 0 0 0 0 0 0 1 0 0 0 0 0 0 0 0 0 0 0 0 0 0 0 0 0 0 0 0
0 0 0 0 0 0 0 0 0 0 0 0 1 0 0 0 0 0 0 0 0 0 0 0 0 0 0 0 0 0 0 0 0 0 0 0 0 0 0 0 0 0 0 0 0 0 0 0 0 0 0 0 0 1 0 0 0 0 0 0 0 0 0 0 0 0 0 0 0 0 0 0 0 0 0 0 0 0 0 0 0 0 0 0 0 0
0 0 0 0 0 0 0 0 0 0 0 0 0 0 0 0 0 0 0 1 0 0 0 0 0 0 0 0 0 0 0 0 0 0 1 0 0 0 0 0 0 0 0 0 0 0 0 0 0 0 0 0 0 0 0 0 0 0 0 0 0 0 0 0 0 0 0 0 0 0 0 0 0 0 0 1 0 0 0 0 0 0 0 0 0 0
0 0 0 0 0 0 0 0 0 0 0 0 0 0 0 0 0 0 0 0 0 0 0 0 1 0 0 0 0 0 0 0 0 0 0 0 0 0 0 0 0 0 0 0 0 0 0 0 0 0 0 0 0 0 0 0 1 0 0 0 0 0 0 0 0 0 0 0 0 0 0 0 0 0 0 0 0 0 0 0 0 0 0 0 0 0
0 0 0 0 0 0 0 0 0 0 0 0 0 0 0 0 0 0 0 0 0 0 0 0 0 0 0 0 0 0 0 0 0 0 0 0 0 0 0 0 0 0 0 0 0 0 0 0 0 0 0 0 0 0 0 0 0 0 0 0 0 0 0 0 0 0 0 0 0 0 0 0 0 0 0 0 0 1 0 0 0 0 0 0 0 0
0 0 0 0 0 0 0 0 0 0 0 0 0 0 0 0 0 0 0 0 0 0 0 0 1 0 0 0 0 0 0 0 0 0 0 0 0 0 0 1 0 0 0 0 0 0 0 0 0 0 0 0 0 0 0 0 0 0 0 0 0 0 0 0 0 0 0 0 0 0 0 0 0 0 0 0 0 0 0 0 0 0 0 0 0 0
0 0 0 0 0 0 0 0 0 0 0 0 0 0 0 0 0 0 0 0 0 0 0 0 0 0 0 0 0 0 0 0 0 0 0 0 0 0 0 0 0 0 0 0 0 0 0 0 0 0 0 1 0 0 0 0 0 0 0 0 0 0 0 0 0 0 0 0 0 0 0 0 0 0 0 0 0 0 0 0 0 0 0 0 0 0
0 0 0 0 0 0 0 0 0 0 1 0 0 0 0 0 0 0 0 0 0 0 0 0 0 0 0 0 0 0 0 1 0 0 0 0 0 0 0 0 0 0 0 0 0 0 0 0 0 0 0 0 0 0 0 0 0 0 0 0 0 0 0 0 0 0 0 0 0 0 0 0 0 0 0 0 0 0 0 0 0 0 0 0 0 0
1 0 0 0 0 0 0 0 0 0 0 0 0 0 0 0 0 0 0 0 0 0 0 1 0 0 0 0 0 0 0 0 0 0 0 0 0 0 0 0 0 0 0 0 0 0 0 0 0 0 0 0 0 0 0 0 0 1 0 0 0 0 0 0 0 0 0 0 0 0 0 0 0 0 0 0 0 0 0 0 0 0 0 0 0 0
0 0 0 0 0 0 0 0 0 0 0 0 0 0 0 0 0 0 0 0 0 0 0 0 0 0 0 0 0 0 0 0 0 0 0 0 0 0 0 0 0 0 0 0 0 0 0 0 0 0 0 0 0 0 0 0 0 0 0 0 0 0 0 0 0 0 0 0 0 1 0 0 0 0 0 0 0 0 0 0 0 0 0 0 0 0
0 0 0 0 0 0 0 0 0 0 0 0 0 0 0 0 0 0 0 0 0 0 0 0 0 0 0 0 0 0 0 0 0 0 1 0 0 0 0 0 0 0 0 0 0 0 0 0 0 0 0 0 0 0 0 0 0 0 0 0 0 0 0 0 0 0 0 0 0 0 0 0 0 0 0 0 0 0 0 0 0 0 0 0 0 0
0 0 0 0 0 0 0 0 0 0 0 0 0 0 0 0 0 0 0 1 0 0 0 0 0 0 0 0 0 0 0 0 0 0 0 0 0 0 0 0 0 0 0 0 0 0 0 0 0 0 0 0 0 0 0 0 0 0 0 0 0 0 0 0 0 0 0 0 0 0 0 0 0 0 0 0 0 0 0 0 0 0 0 0 0 0
0 0 0 0 0 0 0 0 0 0 0 0 1 0 0 0 0 0 0 0 0 0 0 0 0 0 0 0 0 0 0 0 0 0 0 0 0 0 0 0 0 0 0 0 0 0 0 0 0 0 0 0 0 0 0 0 0 0 0 0 0 0 0 0 0 0 1 0 0 0 0 0 0 0 0 0 0 0 0 0 0 0 0 0 0 0
0 0 0 0 0 0 0 0 0 0 0 0 0 0 0 0 0 0 0 0 0 0 0 0 0 0 0 0 0 0 0 0 0 0 0 0 0 0 0 0 0 0 0 0 0 0 0 0 0 0 0 0 0 0 0 1 0 0 0 0 0 0 0 0 0 0 0 0 0 0 0 0 0 0 0 0 0 0 0 0 0 0 0 0 0 0
0 0 0 0 0 0 0 0 0 0 0 0 0 0 0 0 0 0 0 0 0 0 0 0 0 0 1 0 1 0 0 0 0 0 0 0 0 0 0 0 0 0 0 0 0 0 0 0 0 0 0 0 0 0 0 0 0 0 0 0 0 0 0 0 0 0 0 0 0 0 0 0 0 0 0 0 0 0 0 0 0 0 0 0 0 0
0 0 0 0 0 1 0 0 0 0 0 0 0 0 0 0 0 0 0 0 0 0 0 0 0 0 0 0 0 0 0 0 0 0 0 0 0 0 0 0 0 0 0 0 0 0 0 0 0 0 0 0 0 0 0 0 0 0 0 0 0 0 0 0 0 0 0 0 0 0 0 0 0 0 0 0 0 0 0 0 0 0 0 0 0 0
0 0 0 0 0 0 0 0 0 0 0 0 0 0 0 0 0 0 0 0 0 0 0 0 0 0 0 0 0 0 0 0 0 0 0 0 0 0 0 0 0 0 0 0 0 0 0 0 0 0 0 0 0 0 1 0 0 0 0 0 0 0 0 0 0 0 0 0 0 0 0 0 0 0 0 0 0 0 0 0 0 0 0 0 1 0
0 0 0 0 0 0 0 0 0 0 0 0 0 0 0 0 0 0 0 0 0 0 0 0 0 0 0 0 0 0 0 0 0 0 0 0 0 0 0 0 0 0 0 1 0 0 0 0 0 0 0 0 0 0 0 0 0 0 0 0 0 0 0 0 0 0 0 0 0 0 0 0 0 0 0 0 0 0 0 0 0 0 0 0 0 0
0 0 0 0 0 0 0 0 0 0 0 0 0 0 0 0 0 0 0 0 0 0 0 0 0 0 0 0 0 0 0 0 0 0 0 0 0 0 0 0 0 0 0 0 0 0 0 0 0 0 0 0 0 0 0 0 0 0 0 1 0 0 0 0 0 0 0 0 0 0 0 0 0 0 0 0 0 0 0 0 0 0 0 0 0 0
0 0 0 0 0 0 0 0 0 1 0 0 0 0 0 0 0 0 0 0 0 0 0 0 0 0 0 0 0 0 0 0 0 0 0 0 0 0 0 0 0 0 0 0 0 0 0 0 0 0 0 1 0 0 0 0 0 0 0 0 0 0 0 0 0 0 0 0 0 0 0 0 0 0 0 0 0 0 0 0 0 0 0 0 0 0
0 0 0 0 0 0 0 0 0 0 0 0 0 0 0 0 0 0 0 0 0 0 0 0 0 0 0 0 0 0 0 1 0 1 0 0 0 0 0 0 0 0 0 0 0 0 0 0 0 0 0 0 0 0 0 0 0 0 0 0 0 1 0 0 0 0 0 0 0 0 0 0 0 0 0 0 0 0 0 0 0 0 0 0 0 0
0 0 0 0 0 0 0 0 0 0 0 0 0 0 0 0 0 0 0 0 1 0 0 0 0 0 0 0 1 0 0 0 0 0 0 0 0 0 0 0 0 0 0 0 0 0 0 0 0 0 0 0 0 0 0 0 0 0 0 0 0 0 0 0 0 0 0 0 0 0 0 0 0 0 0 0 0 0 0 0 0 0 0 0 0 0
0 0 0 0 0 0 0 0 0 0 0 0 0 0 0 0 0 0 0 0 0 0 0 0 0 0 0 0 0 0 0 0 0 0 0 0 0 0 0 0 0 0 0 0 0 0 0 1 0 0 0 0 0 0 0 0 0 0 0 0 0 0 0 0 0 0 0 0 0 0 0 0 0 0 0 0 0 0 0 0 0 0 0 0 0 0
0 0 0 0 0 0 0 0 0 0 0 0 0 0 0 0 0 0 0 0 0 0 1 0 0 0 0 0 0 1 0 0 0 0 0 0 0 0 0 0 0 1 0 0 0 0 0 0 0 0 0 1 0 0 0 0 1 0 0 0 0 0 0 0 0 0 0 0 0 0 0 0 0 0 0 0 0 0 0 0 0 0 0 0 0 0
0 0 0 0 0 0 0 0 0 0 0 0 0 1 0 0 0 0 0 0 0 0 1 0 0 0 0 0 0 0 0 0 0 0 0 0 0 0 0 0 0 0 0 0 0 0 0 0 0 0 0 0 0 0 0 1 0 0 0 0 0 0 0 0 0 0 0 0 0 0 0 0 0 0 0 0 0 0 0 0 0 0 0 0 0 0
0 1 0 0 0 0 0 0 0 0 0 0 0 0 0 0 0 0 0 0 0 0 0 0 0 0 0 0 0 0 0 0 0 0 0 0 0 0 0 0 0 0 0 0 0 0 0 0 0 0 0 0 0 0 0 1 0 0 0 0 0 0 0 0 0 0 0 0 0 0 0 0 0 0 0 0 0 0 0 0 0 0 0 0 0 0
0 0 0 0 0 0 0 0 0 0 0 0 0 0 1 0 0 0 0 0 0 0 0 0 0 0 0 0 0 0 0 0 0 0 0 0 0 0 0 0 0 0 0 0 0 0 0 0 0 0 0 0 0 0 0 0 0 0 0 0 0 0 0 0 0 0 0 0 0 0 0 0 0 0 0 0 0 0 0 0 0 0 0 0 0 0
0 0 0 0 0 0 0 0 0 0 0 0 0 0 0 0 0 0 0 0 0 0 0 0 0 0 0 1 0 0 0 0 0 1 0 0 0 0 0 0 0 0 0 0 0 0 0 0 1 0 0 0 0 0 0 0 0 0 0 0 0 0 0 0 0 0 0 0 0 0 0 0 0 1 0 0 0 0 0 0 0 0 0 0 0 0
0 0 0 0 0 0 0 0 0 0 0 0 0 0 0 0 1 0 0 0 0 0 0 0 0 0 0 0 0 0 1 0 0 0 0 0 0 0 0 0 0 0 0 0 0 0 0 0 0 0 0 0 0 0 0 0 0 0 0 0 0 0 0 0 0 0 0 0 0 0 0 0 0 0 0 0 0 0 0 0 0 0 0 0 0 0
500
4 pac 0 org 70 dst 25
9 pac 1 org 32 dst 38
18 pac 2 org 44 dst 15
23 pac 3 org 78 dst 29
31 pac 4 org 69 dst 84
31 pac 5 org 76 dst 46
38 pac 6 org 81 dst 52
42 pac 7 org 81 dst 30
50 pac 8 org 48 dst 13
56 pac 9 org 0 dst 1
62 pac 10 org 48 dst 28
62 pac 11 org 62 dst 36
63 pac 12 org 37 dst 62
66 pac 13 org 24 dst 0
68 pac 14 org 7 dst 59
72 pac 15 org 78 dst 4
79 pac 16 org 37 dst 70
81 pac 17 org 62 dst 74
85 pac 18 org 41 dst 11
87 pac 19 org 20 dst 31
92 pac 20 org 47 dst 15
97 pac 21 org 0 dst 76
99 pac 22 org 58 dst 51
105 pac 23 org 14 dst 22
107 pac 24 org 42 dst 29
107 pac 25 org 51 dst 77
114 pac 26 org 18 dst 73
120 pac 27 org 56 dst 59
127 pac 28 org 21 dst 10
135 pac 29 org 11 dst 47
140 pac 30 org 26 dst 57
144 pac 31 org 37 dst 46
153 pac 32 org 27 dst 64
159 pac 33 org 10 dst 24
162 pac 34 org 70 dst 1
166 pac 35 org 0 dst 67
175 pac 36 org 63 dst 9
183 pac 37 org 60 dst 31
185 pac 38 org 62 dst 82
193 pac 39 org 34 dst 83
200 pac 40 org 56 dst 73
206 pac 41 org 5 dst 32
207 pac 42 org 9 dst 57
208 pac 43 org 13 dst 32
216 pac 44 org 56 dst 8
218 pac 45 org 35 dst 72
219 pac 46 org 30 dst 1
228 pac 47 org 36 dst 4
237 pac 48 org 12 dst 18
240 pac 49 org 53 dst 29
247 pac 50 org 45 dst 79
253 pac 51 org 61 dst 44
258 pac 52 org 72 dst 25
264 pac 53 org 76 dst 1
264 pac 54 org 14 dst 3
269 pac 55 org 42 dst 10
276 pac 56 org 11 dst 46
282 pac 57 org 83 dst 32
282 pac 58 org 81 dst 37
285 pac 59 org 35 dst 11
293 pac 60 org 9 dst 37
295 pac 61 org 74 dst 37
297 pac 62 org 21 dst 41
303 pac 63 org 85 dst 35
306 pac 64 org 54 dst 61
309 pac 65 org 85 dst 47
314 pac 66 org 64 dst 38
315 pac 67 org 54 dst 14
322 pac 68 org 1 dst 55
326 pac 69 org 38 dst 43
326 pac 70 org 66 dst 43
330 pac 71 org 85 dst 64
332 pac 72 org 7 dst 1
333 pac 73 org 41 dst 73
340 pac 74 org 13 dst 29
340 pac 75 org 33 dst 30
349 pac 76 org 81 dst 14
350 pac 77 org 51 dst 28
354 pac 78 org 42 dst 83
362 pac 79 org 10 dst 44
364 pac 80 org 55 dst 7
370 pac 81 org 74 dst 67
378 pac 82 org 9 dst 51
386 pac 83 org 75 dst 78
388 pac 84 org 23 dst 52
390 pac 85 org 34 dst 2
395 pac 86 org 67 dst 64
397 pac 87 org 45 dst 30
405 pac 88 org 69 dst 38
412 pac 89 org 19 dst 64
412 pac 90 org 24 dst 81
419 pac 91 org 62 dst 39
426 pac 92 org 39 dst 17
433 pac 93 org 4 dst 39
435 pac 94 org 3 dst 4
435 pac 95 org 34 dst 32
442 pac 96 org 43 dst 12
449 pac 97 org 35 dst 74
456 pac 98 org 41 dst 18
463 pac 99 org 41 dst 43
463 pac 100 org 61 dst 15
469 pac 101 org 41 dst 31
478 pac 102 org 75 dst 62
479 pac 103 org 14 dst 85
486 pac 104 org 45 dst 78
495 pac 105 org 0 dst 37
499 pac 106 org 20 dst 21
502 pac 107 org 40 dst 60
505 pac 108 org 2 dst 44
506 pac 109 org 20 dst 21
508 pac 110 org 30 dst 3
509 pac 111 org 67 dst 49
516 pac 112 org 67 dst 13
520 pac 113 org 63 dst 43
528 pac 114 org 70 dst 30
529 pac 115 org 34 dst 14
535 pac 116 org 13 dst 54
542 pac 117 org 24 dst 2
543 pac 118 org 17 dst 27
544 pac 119 org 54 dst 73
547 pac 120 org 7 dst 73
555 pac 121 org 6 dst 9
556 pac 122 org 73 dst 33
556 pac 123 org 82 dst 13
563 pac 124 org 0 dst 1
569 pac 125 org 60 dst 17
574 pac 126 org 16 dst 58
582 pac 127 org 51 dst 18
583 pac 128 org 45 dst 70
587 pac 129 org 64 dst 20
594 pac 130 org 60 dst 44
598 pac 131 org 46 dst 60
598 pac 132 org 4 dst 36
605 pac 133 org 63 dst 68
610 pac 134 org 76 dst 60
610 pac 135 org 47 dst 32
610 pac 136 org 42 dst 68
610 pac 137 org 18 dst 53
611 pac 138 org 7 dst 56
615 pac 139 org 5 dst 68
621 pac 140 org 79 dst 56
630 pac 141 org 8 dst 75
632 pac 142 org 71 dst 56
637 pac 143 org 83 dst 39
642 pac 144 org 9 dst 5
645 pac 145 org 53 dst 45
654 pac 146 org 0 dst 61
654 pac 147 org 35 dst 77
658 pac 148 org 33 dst 62
662 pac 149 org 26 dst 9
671 pac 150 org 48 dst 77
677 pac 151 org 51 dst 44
680 pac 152 org 35 dst 68
681 pac 153 org 42 dst 17
687 pac 154 org 36 dst 80
691 pac 155 org 85 dst 30
697 pac 156 org 44 dst 13
703 pac 157 org 70 dst 1
706 pac 158 org 15 dst 58
707 pac 159 org 1 dst 9
710 pac 160 org 23 dst 68
710 pac 161 org 15 dst 20
711 pac 162 org 41 dst 61
718 pac 163 org 8 dst 60
725 pac 164 org 77 dst 63
729 pac 165 org 70 dst 55
730 pac 166 org 6 dst 28
730 pac 167 org 3 dst 35
730 pac 168 org 81 dst 52
730 pac 169 org 80 dst 66
731 pac 170 org 74 dst 7
734 pac 171 org 38 dst 12
735 pac 172 org 5 dst 29
738 pac 173 org 47 dst 72
742 pac 174 org 72 dst 82
745 pac 175 org 55 dst 12
753 pac 176 org 18 dst 85
756 pac 177 org 21 dst 70
759 pac 178 org 48 dst 71
762 pac 179 org 83 dst 53
770 pac 180 org 42 dst 22
773 pac 181 org 40 dst 78
777 pac 182 org 13 dst 28
779 pac 183 org 36 dst 69
784 pac 184 org 15 dst 18
793 pac 185 org 46 dst 72
800 pac 186 org 39 dst 54
805 pac 187 org 62 dst 75
813 pac 188 org 68 dst 70
822 pac 189 org 57 dst 65
826 pac 190 org 9 dst 35
835 pac 191 org 57 dst 21
836 pac 192 org 84 dst 48
842 pac 193 org 64 dst 62
849 pac 194 org 50 dst 11
858 pac 195 org 33 dst 35
865 pac 196 org 45 dst 14
868 pac 197 org 39 dst 47
875 pac 198 org 32 dst 15
876 pac 199 org 41 dst 84
885 pac 200 org 20 dst 34
893 pac 201 org 35 dst 19
898 pac 202 org 14 dst 85
905 pac 203 org 23 dst 9
912 pac 204 org 60 dst 59
917 pac 205 org 71 dst 12
924 pac 206 org 26 dst 4
929 pac 207 org 53 dst 54
930 pac 208 org 48 dst 7
938 pac 209 org 25 dst 0
946 pac 210 org 45 dst 9
953 pac 211 org 34 dst 3
960 pac 212 org 50 dst 55
969 pac 213 org 32 dst 53
973 pac 214 org 66 dst 77
973 pac 215 org 50 dst 4
980 pac 216 org 82 dst 24
987 pac 217 org 72 dst 84
990 pac 218 org 72 dst 8
994 pac 219 org 44 dst 5
1003 pac 220 org 70 dst 37
1012 pac 221 org 14 dst 64
1020 pac 222 org 14 dst 2
1023 pac 223 org 39 dst 53
1031 pac 224 org 13 dst 23
1034 pac 225 org 32 dst 3
1034 pac 226 org 59 dst 77
1035 pac 227 org 13 dst 20
1042 pac 228 org 64 dst 38
1048 pac 229 org 16 dst 22
1055 pac 230 org 10 dst 80
1062 pac 231 org 23 dst 81
1065 pac 232 org 36 dst 15
1067 pac 233 org 53 dst 27
1072 pac 234 org 23 dst 80
1080 pac 235 org 13 dst 65
1089 pac 236 org 64 dst 7
1095 pac 237 org 85 dst 1
1104 pac 238 org 0 dst 55
1104 pac 239 org 2 dst 85
1109 pac 240 org 69 dst 64
1118 pac 241 org 34 dst 75
1120 pac 242 org 83 dst 68
1129 pac 243 org 47 dst 43
1138 pac 244 org 48 dst 45
1142 pac 245 org 51 dst 34
1144 pac 246 org 49 dst 58
1153 pac 247 org 46 dst 21
1154 pac 248 org 73 dst 10
1159 pac 249 org 85 dst 38
1159 pac 250 org 61 dst 53
1167 pac 251 org 19 dst 58
1169 pac 252 org 15 dst 45
1175 pac 253 org 70 dst 28
1181 pac 254 org 68 dst 19
1183 pac 255 org 8 dst 0
1192 pac 256 org 27 dst 49
1193 pac 257 org 20 dst 55
1202 pac 258 org 64 dst 52
1204 pac 259 org 16 dst 17
1205 pac 260 org 12 dst 68
1210 pac 261 org 76 dst 25
1217 pac 262 org 14 dst 9
1224 pac 263 org 12 dst 83
1229 pac 264 org 55 dst 73
1236 pac 265 org 2 dst 53
1238 pac 266 org 36 dst 76
1238 pac 267 org 41 dst 48
1242 pac 268 org 46 dst 32
1247 pac 269 org 17 dst 85
1249 pac 270 org 64 dst 35
1255 pac 271 org 10 dst 32
1261 pac 272 org 80 dst 40
1263 pac 273 org 7 dst 2
1267 pac 274 org 45 dst 4
1269 pac 275 org 75 dst 78
1269 pac 276 org 17 dst 64
1277 pac 277 org 63 dst 18
1285 pac 278 org 31 dst 14
1290 pac 279 org 0 dst 67
1297 pac 280 org 58 dst 27
1301 pac 281 org 14 dst 59
1304 pac 282 org 81 dst 8
1304 pac 283 org 15 dst 4
1308 pac 284 org 8 dst 60
1317 pac 285 org 56 dst 34
1320 pac 286 org 58 dst 53
1328 pac 287 org 20 dst 82
1332 pac 288 org 40 dst 68
1334 pac 289 org 55 dst 62
1343 pac 290 org 61 dst 21
1351 pac 291 org 13 dst 45
1351 pac 292 org 74 dst 28
1360 pac 293 org 51 dst 46
1368 pac 294 org 78 dst 66
1370 pac 295 org 34 dst 12
1372 pac 296 org 84 dst 65
1376 pac 297 org 39 dst 9
1376 pac 298 org 31 dst 18
1385 pac 299 org 82 dst 4
1389 pac 300 org 8 dst 79
1394 pac 301 org 56 dst 65
1397 pac 302 org 27 dst 51
1401 pac 303 org 7 dst 60
1408 pac 304 org 66 dst 59
1415 pac 305 org 6 dst 27
1420 pac 306 org 24 dst 2
1420 pac 307 org 42 dst 53
1428 pac 308 org 51 dst 33
1428 pac 309 org 42 dst 6
1432 pac 310 org 25 dst 35
1432 pac 311 org 55 dst 62
1437 pac 312 org 38 dst 81
1437 pac 313 org 46 dst 11
1445 pac 314 org 55 dst 26
1452 pac 315 org 62 dst 24
1453 pac 316 org 66 dst 10
1455 pac 317 org 47 dst 35
1464 pac 318 org 42 dst 9
1464 pac 319 org 31 dst 10
1472 pac 320 org 53 dst 74
1480 pac 321 org 12 dst 20
1485 pac 322 org 24 dst 62
1489 pac 323 org 28 dst 78
1490 pac 324 org 48 dst 22
1498 pac 325 org 29 dst 20
1507 pac 326 org 67 dst 58
1510 pac 327 org 29 dst 62
1514 pac 328 org 29 dst 35
1514 pac 329 org 40 dst 52
1515 pac 330 org 65 dst 50
1519 pac 331 org 41 dst 26
1522 pac 332 org 28 dst 85
1524 pac 333 org 64 dst 26
1524 pac 334 org 60 dst 45
1526 pac 335 org 28 dst 41
1527 pac 336 org 43 dst 11
1534 pac 337 org 47 dst 33
1537 pac 338 org 23 dst 31
1538 pac 339 org 81 dst 6
1547 pac 340 org 29 dst 54
1549 pac 341 org 34 dst 51
1552 pac 342 org 78 dst 36
1553 pac 343 org 45 dst 7
1555 pac 344 org 46 dst 30
1561 pac 345 org 85 dst 57
1569 pac 346 org 30 dst 85
1573 pac 347 org 61 dst 74
1574 pac 348 org 26 dst 7
1576 pac 349 org 53 dst 45
1584 pac 350 org 48 dst 60
1592 pac 351 org 63 dst 31
1596 pac 352 org 85 dst 38
1605 pac 353 org 27 dst 78
1607 pac 354 org 15 dst 64
1612 pac 355 org 68 dst 13
1612 pac 356 org 66 dst 53
1619 pac 357 org 9 dst 73
1619 pac 358 org 55 dst 19
1621 pac 359 org 14 dst 67
1629 pac 360 org 78 dst 71
1630 pac 361 org 63 dst 11
1637 pac 362 org 84 dst 60
1644 pac 363 org 57 dst 48
1646 pac 364 org 61 dst 76
1652 pac 365 org 82 dst 67
1653 pac 366 org 13 dst 25
1654 pac 367 org 53 dst 21
1663 pac 368 org 38 dst 14
1663 pac 369 org 68 dst 0
1669 pac 370 org 28 dst 58
1676 pac 371 org 6 dst 26
1677 pac 372 org 15 dst 58
1686 pac 373 org 54 dst 10
1693 pac 374 org 72 dst 20
1699 pac 375 org 77 dst 47
1699 pac 376 org 19 dst 32
1706 pac 377 org 51 dst 53
1715 pac 378 org 27 dst 34
1715 pac 379 org 47 dst 8
1724 pac 380 org 1 dst 15
1727 pac 381 org 84 dst 13
1732 pac 382 org 15 dst 48
1737 pac 383 org 15 dst 32
1742 pac 384 org 33 dst 74
1747 pac 385 org 56 dst 64
1755 pac 386 org 32 dst 27
1759 pac 387 org 30 dst 50
1763 pac 388 org 47 dst 76
1771 pac 389 org 72 dst 29
1773 pac 390 org 51 dst 80
1777 pac 391 org 84 dst 78
1780 pac 392 org 46 dst 85
1783 pac 393 org 4 dst 39
1784 pac 394 org 67 dst 77
1791 pac 395 org 61 dst 42
1799 pac 396 org 77 dst 38
1802 pac 397 org 0 dst 60
1805 pac 398 org 47 dst 24
1809 pac 399 org 60 dst 2
1815 pac 400 org 71 dst 56
1819 pac 401 org 66 dst 47
1828 pac 402 org 52 dst 46
1832 pac 403 org 48 dst 10
1841 pac 404 org 27 dst 43
1844 pac 405 org 37 dst 83
1851 pac 406 org 52 dst 3
1859 pac 407 org 67 dst 14
1864 pac 408 org 77 dst 36
1872 pac 409 org 35 dst 78
1875 pac 410 org 37 dst 46
1876 pac 411 org 13 dst 12
1877 pac 412 org 19 dst 41
1878 pac 413 org 51 dst 49
1879 pac 414 org 71 dst 30
1881 pac 415 org 83 dst 81
1885 pac 416 org 17 dst 20
1891 pac 417 org 13 dst 34
1895 pac 418 org 68 dst 46
1903 pac 419 org 81 dst 66
1907 pac 420 org 49 dst 10
1915 pac 421 org 56 dst 29
1919 pac 422 org 62 dst 64
1922 pac 423 org 31 dst 70
1922 pac 424 org 64 dst 78
1927 pac 425 org 17 dst 51
1928 pac 426 org 23 dst 43
1937 pac 427 org 83 dst 58
1942 pac 428 org 65 dst 30
1950 pac 429 org 53 dst 72
1953 pac 430 org 44 dst 83
1957 pac 431 org 78 dst 43
1959 pac 432 org 77 dst 66
1967 pac 433 org 5 dst 20
1971 pac 434 org 33 dst 34
1977 pac 435 org 41 dst 18
1982 pac 436 org 21 dst 55
1985 pac 437 org 48 dst 34
1988 pac 438 org 14 dst 5
1993 pac 439 org 76 dst 53
1998 pac 440 org 51 dst 83
2003 pac 441 org 0 dst 60
2010 pac 442 org 13 dst 76
2017 pac 443 org 48 dst 69
2017 pac 444 org 39 dst 31
2024 pac 445 org 43 dst 8
2024 pac 446 org 14 dst 71
2030 pac 447 org 32 dst 73
2033 pac 448 org 42 dst 38
2033 pac 449 org 7 dst 4
2033 pac 450 org 9 dst 80
2042 pac 451 org 79 dst 29
2048 pac 452 org 62 dst 82
2055 pac 453 org 5 dst 24
2055 pac 454 org 82 dst 84
2063 pac 455 org 73 dst 53
2069 pac 456 org 78 dst 51
2071 pac 457 org 33 dst 74
2078 pac 458 org 64 dst 68
2085 pac 459 org 15 dst 41
2090 pac 460 org 52 dst 59
2094 pac 461 org 66 dst 78
2096 pac 462 org 69 dst 12
2100 pac 463 org 20 dst 83
2105 pac 464 org 11 dst 67
2105 pac 465 org 32 dst 47
2114 pac 466 org 74 dst 56
2122 pac 467 org 63 dst 23
2128 pac 468 org 53 dst 36
2134 pac 469 org 11 dst 53
2137 pac 470 org 85 dst 27
2145 pac 471 org 29 dst 27
2146 pac 472 org 40 dst 27
2154 pac 473 org 22 dst 20
2162 pac 474 org 16 dst 32
2165 pac 475 org 44 dst 19
2166 pac 476 org 30 dst 6
2174 pac 477 org 3 dst 71
2177 pac 478 org 28 dst 49
2180 pac 479 org 42 dst 73
2184 pac 480 org 3 dst 26
2192 pac 481 org 37 dst 53
2194 pac 482 org 47 dst 61
2203 pac 483 org 33 dst 0
2211 pac 484 org 67 dst 83
2211 pac 485 org 38 dst 70
2215 pac 486 org 57 dst 21
2222 pac 487 org 27 dst 8
2226 pac 488 org 21 dst 15
2227 pac 489 org 15 dst 18
2227 pac 490 org 58 dst 45
2236 pac 491 org 65 dst 32
2236 pac 492 org 36 dst 60
2244 pac 493 org 45 dst 4
2252 pac 494 org 65 dst 2
2260 pac 495 org 52 dst 43
2263 pac 496 org 37 dst 32
2272 pac 497 org 73 dst 28
2276 pac 498 org 20 dst 2
2279 pac 499 org 55 dst 40
