5
20
100
1
80
0 0 0 0 0 0 0 0 0 0 0 0 0 0 0 0 0 0 0 0 0 0 0 0 0 0 0 0 0 0 0 0 0 0 0 0 0 0 0 0 0 0 0 0 0 1 0 0 0 0 0 0 0 0 0 0 0 0 0 0 1 0 0 0 0 0 0 0 0 0 0 0 0 0 0 0 1 0 0 0
0 0 0 0 0 0 0 0 0 0 0 0 0 0 0 0 0 0 0 0 0 0 0 0 0 0 0 0 0 0 0 0 0 0 0 0 0 0 0 0 0 1 0 0 0 0 0 0 0 0 0 0 0 0 0 0 0 0 0 0 0 0 0 0 0 0 0 0 0 0 0 0 0 0 0 0 0 0 0 0
0 0 0 0 0 0 0 0 0 0 0 0 0 0 0 0 0 0 0 0 0 0 0 0 1 0 0 0 0 0 0 0 0 0 0 0 0 0 0 0 0 0 0 0 0 0 0 0 0 0 0 0 0 0 0 0 0 0 0 0 0 0 0 0 0 0 0 0 0 0 0 0 0 0 0 0 0 0 0 0
0 0 0 0 0 0 0 0 0 0 0 0 0 0 0 0 0 0 0 0 0 0 0 0 0 0 0 0 0 0 0 0 0 0 0 0 1 0 0 0 0 0 0 0 0 0 0 0 0 0 0 0 0 0 0 0 0 0 0 0 0 0 0 0 0 0 0 0 0 0 0 0 0 0 0 0 0 0 0 0
0 0 0 0 0 0 0 0 0 0 0 0 0 0 0 0 0 0 0 0 0 0 0 0 0 0 0 0 0 0 0 0 0 0 0 0 0 0 0 0 0 0 0 0 0 0 0 1 0 0 0 0 0 0 0 0 0 0 0 0 0 0 0 0 0 0 0 0 0 0 0 0 0 0 0 0 0 0 0 0
0 0 0 0 0 0 0 0 0 0 1 0 0 0 0 0 0 0 0 0 0 1 0 0 0 0 0 0 0 0 0 0 0 0 0 0 0 0 0 0 0 0 0 0 0 0 0 0 0 0 0 0 0 0 0 0 0 0 0 0 0 0 0 0 0 0 0 1 0 0 0 0 0 0 0 0 0 0 0 0
0 0 0 0 0 0 0 0 0 0 0 0 0 0 0 0 0 0 0 0 0 0 0 0 0 0 0 0 0 0 0 0 0 0 0 0 0 0 0 0 0 0 0 0 0 1 0 0 0 0 0 0 0 0 0 0 0 0 0 0 0 0 0 0 0 0 0 0 0 0 0 0 0 0 0 0 0 0 0 0
0 0 0 0 0 0 0 0 0 0 0 0 0 0 0 0 1 0 0 0 0 0 0 0 0 0 0 0 0 0 0 0 0 0 0 0 0 0 0 0 0 0 0 0 0 0 0 0 0 0 0 0 0 0 0 0 0 0 0 0 0 0 0 0 0 0 0 0 0 0 0 0 0 0 0 0 0 0 0 0
0 0 0 0 0 0 0 0 0 0 0 0 0 0 0 0 0 0 0 0 0 0 0 0 0 0 0 0 0 0 0 0 0 0 0 0 0 0 1 0 0 0 0 0 0 0 0 0 0 0 0 0 0 0 0 0 0 0 0 0 0 0 0 0 0 0 0 0 0 0 1 0 0 0 0 0 0 0 0 1
0 0 0 0 0 0 0 0 0 0 0 0 0 1 0 0 0 0 0 0 0 0 0 0 0 0 0 0 0 0 0 0 0 0 0 0 0 0 0 0 0 0 0 0 0 0 0 0 0 0 0 0 0 0 0 0 0 0 0 0 1 0 0 0 0 0 0 0 0 0 0 0 0 0 0 0 0 0 0 0
0 0 0 0 0 1 0 0 0 0 0 0 0 0 0 0 0 0 0 0 0 0 0 0 0 0 0 0 0 0 0 0 0 0 0 0 0 0 0 0 0 0 0 0 0 0 0 0 0 0 0 0 0 0 0 0 0 0 0 0 0 0 0 0 0 0 0 0 0 0 0 0 0 0 0 0 0 0 0 0
0 0 0 0 0 0 0 0 0 0 0 0 0 0 0 0 0 0 0 0 0 0 0 0 0 0 0 0 0 0 0 0 0 0 0 0 0 0 0 0 0 0 0 0 0 0 0 0 0 0 0 0 0 0 0 0 0 0 0 0 0 0 0 0 1 0 0 0 0 0 0 0 0 0 0 0 0 0 0 0
0 0 0 0 0 0 0 0 0 0 0 0 0 0 0 0 0 0 0 0 0 0 0 0 0 0 0 0 0 0 0 0 0 0 0 0 0 0 0 0 0 0 0 0 0 0 0 0 0 0 0 0 0 0 1 0 0 0 0 0 0 0 0 0 0 0 0 0 0 0 0 0 0 0 0 0 1 0 0 0
0 0 0 0 0 0 0 0 0 1 0 0 0 0 0 0 0 0 0 0 0 0 0 0 0 0 0 0 0 0 0 0 0 0 0 0 0 0 0 0 0 0 0 0 0 0 0 0 0 0 0 0 0 0 0 0 0 0 0 0 0 0 0 0 0 0 0 0 0 0 0 0 0 0 0 0 0 1 0 0
0 0 0 0 0 0 0 0 0 0 0 0 0 0 0 0 1 0 0 0 0 0 0 0 0 0 0 0 0 0 0 0 0 0 0 0 0 0 0 0 0 0 0 0 0 0 0 0 0 0 0 0 0 0 0 0 0 0 0 0 0 0 0 0 0 0 0 0 0 0 0 0 0 0 0 0 0 0 0 0
0 0 0 0 0 0 0 0 0 0 0 0 0 0 0 0 0 0 0 0 0 0 0 0 0 0 0 0 0 0 0 0 0 0 0 0 0 0 0 0 0 0 0 1 0 0 0 1 0 0 0 0 0 0 0 0 0 0 0 0 0 0 0 0 0 0 0 0 0 0 0 0 0 0 0 0 0 0 0 1
0 0 0 0 0 0 0 1 0 0 0 0 0 0 1 0 0 0 0 0 0 0 0 0 0 0 0 0 0 0 0 0 0 0 0 0 0 0 0 0 0 0 0 0 0 0 0 0 0 1 0 0 0 0 0 0 0 0 0 0 0 0 0 0 0 0 0 0 0 0 0 0 0 0 0 0 0 0 0 0
0 0 0 0 0 0 0 0 0 0 0 0 0 0 0 0 0 0 0 0 0 0 0 0 0 0 0 0 0 0 0 0 0 0 0 0 0 0 0 0 0 1 0 0 0 0 1 0 0 0 0 0 0 0 0 0 0 0 0 0 0 0 0 0 0 0 0 0 0 0 0 0 0 0 0 0 0 0 0 0
0 0 0 0 0 0 0 0 0 0 0 0 0 0 0 0 0 0 0 0 0 0 0 0 0 0 0 0 0 0 0 0 0 0 0 0 0 0 0 0 0 0 0 0 0 0 0 0 0 0 0 0 0 0 0 1 0 0 0 0 0 0 0 0 1 0 0 0 0 0 0 0 0 0 0 0 0 0 0 0
0 0 0 0 0 0 0 0 0 0 0 0 0 0 0 0 0 0 0 0 0 0 0 0 0 0 0 0 0 0 0 0 0 0 0 0 0 0 0 1 0 0 0 0 0 0 0 0 0 0 0 0 0 0 0 0 0 0 0 0 0 0 0 0 0 0 0 0 0 0 0 0 1 0 0 0 0 0 0 0
0 0 0 0 0 0 0 0 0 0 0 0 0 0 0 0 0 0 0 0 0 0 0 0 0 0 0 0 0 0 0 0 0 0 0 0 0 0 0 0 0 0 0 0 0 0 0 0 0 0 0 0 0 0 0 0 0 0 0 0 0 0 0 0 0 0 0 0 0 0 0 0 0 0 0 1 0 0 0 0
0 0 0 0 0 1 0 0 0 0 0 0 0 0 0 0 0 0 0 0 0 0 0 0 0 0 0 0 0 0 0 0 0 1 0 0 0 1 0 0 0 0 0 0 0 0 0 0 0 0 0 0 0 0 0 0 0 0 0 0 0 0 0 0 0 0 0 0 0 0 0 0 0 0 0 0 1 0 0 0
0 0 0 0 0 0 0 0 0 0 0 0 0 0 0 0 0 0 0 0 0 0 0 0 0 0 0 0 0 0 0 0 0 0 0 0 0 0 0 0 0 0 0 0 0 0 0 0 0 0 0 0 0 0 0 0 1 0 0 0 0 0 0 0 0 0 0 0 0 0 0 0 0 0 0 0 0 0 0 0
0 0 0 0 0 0 0 0 0 0 0 0 0 0 0 0 0 0 0 0 0 0 0 0 0 0 0 0 0 0 0 0 0 0 0 1 0 0 0 0 0 0 0 0 0 0 0 0 0 0 0 1 0 0 0 0 0 0 0 0 0 0 0 0 0 0 0 0 0 0 0 0 0 0 0 0 0 0 0 0
0 0 1 0 0 0 0 0 0 0 0 0 0 0 0 0 0 0 0 0 0 0 0 0 0 0 0 0 0 0 0 0 0 0 0 0 0 0 0 0 0 0 0 0 0 0 0 0 0 0 0 0 0 1 0 0 0 0 0 0 0 0 0 0 0 0 0 0 0 0 0 0 0 0 0 0 0 0 0 0
0 0 0 0 0 0 0 0 0 0 0 0 0 0 0 0 0 0 0 0 0 0 0 0 0 0 0 0 0 0 0 0 0 0 1 0 0 0 0 0 0 0 0 0 0 0 0 0 0 0 0 0 0 0 0 0 0 0 0 0 0 0 0 0 0 0 1 0 0 0 0 0 0 0 0 0 0 0 1 0
0 0 0 0 0 0 0 0 0 0 0 0 0 0 0 0 0 0 0 0 0 0 0 0 0 0 0 0 0 0 0 0 0 0 0 0 0 0 0 0 0 0 0 0 0 0 0 0 0 0 0 0 0 0 0 0 0 0 0 0 0 0 0 0 0 0 1 0 0 0 0 0 0 1 0 0 0 0 0 0
0 0 0 0 0 0 0 0 0 0 0 0 0 0 0 0 0 0 0 0 0 0 0 0 0 0 0 0 0 0 0 0 0 0 0 0 0 0 0 0 0 0 0 0 0 0 1 0 0 0 0 0 0 0 0 0 0 0 0 0 0 0 0 0 0 0 0 0 0 0 0 0 0 0 1 0 0 0 0 0
0 0 0 0 0 0 0 0 0 0 0 0 0 0 0 0 0 0 0 0 0 0 0 0 0 0 0 0 0 0 0 0 0 0 0 0 0 0 0 0 0 0 0 0 0 1 0 0 0 0 0 0 0 0 0 0 0 0 0 0 0 0 1 0 0 0 0 0 0 0 0 0 0 0 0 0 0 0 0 0
0 0 0 0 0 0 0 0 0 0 0 0 0 0 0 0 0 0 0 0 0 0 0 0 0 0 0 0 0 0 0 0 0 0 0 0 0 0 0 0 0 0 0 0 0 0 0 0 0 0 0 0 0 0 0 0 0 0 0 1 1 0 0 0 0 0 0 0 0 0 0 0 1 0 0 0 0 0 0 0
0 0 0 0 0 0 0 0 0 0 0 0 0 0 0 0 0 0 0 0 0 0 0 0 0 0 0 0 0 0 0 0 0 0 0 0 0 0 0 0 0 0 0 0 0 1 0 0 1 0 0 0 0 0 0 0 0 0 0 0 0 0 0 0 0 0 0 0 0 0 0 0 0 0 0 0 0 0 0 0
0 0 0 0 0 0 0 0 0 0 0 0 0 0 0 0 0 0 0 0 0 0 0 0 0 0 0 0 0 0 0 0 0 0 0 0 0 0 0 0 0 0 0 0 0 0 0 0 0 0 0 0 0 0 0 0 0 0 0 0 0 0 0 1 0 0 0 0 0 0 0 1 0 0 0 0 0 0 1 0
0 0 0 0 0 0 0 0 0 0 0 0 0 0 0 0 0 0 0 0 0 0 0 0 0 0 0 0 0 0 0 0 0 0 0 0 0 0 0 0 0 0 0 0 0 0 0 0 0 0 0 0 0 0 0 1 0 0 0 0 0 0 0 0 0 0 0 0 0 0 0 0 0 0 0 0 0 0 0 0
0 0 0 0 0 0 0 0 0 0 0 0 0 0 0 0 0 0 0 0 0 1 0 0 0 0 0 0 0 0 0 0 0 0 0 0 0 0 0 0 0 0 0 0 0 0 0 0 0 0 0 0 0 0 0 0 0 0 0 0 0 0 0 0 0 0 0 0 0 0 0 0 0 0 0 0 0 0 0 0
0 0 0 0 0 0 0 0 0 0 0 0 0 0 0 0 0 0 0 0 0 0 0 0 0 1 0 0 0 0 0 0 0 0 0 0 0 0 0 0 1 0 0 0 0 0 0 0 0 0 0 0 0 0 0 0 0 0 0 0 0 0 0 0 0 0 0 0 0 0 0 0 0 0 0 0 0 0 0 0
0 0 0 0 0 0 0 0 0 0 0 0 0 0 0 0 0 0 0 0 0 0 0 1 0 0 0 0 0 0 0 0 0 0 0 0 0 0 0 0 0 0 0 0 0 0 0 0 0 0 0 0 0 0 0 0 0 0 0 0 0 0 0 0 0 0 0 0 0 0 0 0 0 0 0 0 0 0 0 0
0 0 0 1 0 0 0 0 0 0 0 0 0 0 0 0 0 0 0 0 0 0 0 0 0 0 0 0 0 0 0 0 0 0 0 0 0 0 0 0 0 0 0 0 0 0 0 0 0 0 0 0 0 0 0 0 0 1 0 0 0 0 0 0 0 0 0 0 0 0 0 0 0 0 0 0 0 0 0 0
0 0 0 0 0 0 0 0 0 0 0 0 0 0 0 0 0 0 0 0 0 1 0 0 0 0 0 0 0 0 0 0 0 0 0 0 0 0 0 0 0 0 0 0 0 0 0 0 0 0 0 0 0 0 0 0 0 0 0 0 0 0 0 0 0 0 0 0 0 0 0 0 0 0 0 0 0 0 0 0
0 0 0 0 0 0 0 0 1 0 0 0 0 0 0 0 0 0 0 0 0 0 0 0 0 0 0 0 0 0 0 0 0 0 0 0 0 0 0 0 0 0 0 0 0 0 0 0 0 0 0 0 0 0 0 0 0 0 0 0 0 0 0 0 0 0 0 0 0 0 0 0 0 0 0 0 0 0 0 0
0 0 0 0 0 0 0 0 0 0 0 0 0 0 0 0 0 0 0 1 0 0 0 0 0 0 0 0 0 0 0 0 0 0 0 0 0 0 0 0 0 0 0 0 0 0 0 0 0 0 0 0 0 0 0 0 0 0 0 0 0 0 0 0 0 0 0 0 0 0 0 0 0 0 0 0 0 0 0 0
0 0 0 0 0 0 0 0 0 0 0 0 0 0 0 0 0 0 0 0 0 0 0 0 0 0 0 0 0 0 0 0 0 0 1 0 0 0 0 0 0 0 0 0 1 1 0 0 0 0 0 0 0 0 0 0 0 0 0 0 0 0 0 0 0 0 0 0 0 1 0 0 0 0 0 0 0 0 0 0
0 1 0 0 0 0 0 0 0 0 0 0 0 0 0 0 0 1 0 0 0 0 0 0 0 0 0 0 0 0 0 0 0 0 0 0 0 0 0 0 0 0 0 0 0 0 0 0 0 0 0 0 0 0 0 0 0 0 0 0 0 0 0 0 0 0 0 0 0 0 0 0 0 0 0 0 0 0 0 0
0 0 0 0 0 0 0 0 0 0 0 0 0 0 0 0 0 0 0 0 0 0 0 0 0 0 0 0 0 0 0 0 0 0 0 0 0 0 0 0 0 0 0 0 0 0 0 0 0 1 0 0 0 0 0 0 0 0 0 0 0 0 0 0 0 0 0 0 0 0 0 0 0 0 0 0 0 0 0 0
0 0 0 0 0 0 0 0 0 0 0 0 0 0 0 1 0 0 0 0 0 0 0 0 0 0 0 0 0 0 0 0 0 0 0 0 0 0 0 0 0 0 0 0 0 0 0 0 0 0 0 1 0 0 0 0 0 0 0 0 0 0 0 0 0 0 0 0 0 0 0 0 0 0 0 0 0 0 0 0
0 0 0 0 0 0 0 0 0 0 0 0 0 0 0 0 0 0 0 0 0 0 0 0 0 0 0 0 0 0 0 0 0 0 0 0 0 0 0 0 1 0 0 0 0 0 0 0 0 0 0 0 0 0 0 0 0 0 0 0 0 0 0 0 0 0 0 0 0 0 0 0 0 0 0 0 0 0 0 0
1 0 0 0 0 0 1 0 0 0 0 0 0 0 0 0 0 0 0 0 0 0 0 0 0 0 0 0 1 0 1 0 0 0 0 0 0 0 0 0 1 0 0 0 0 0 0 0 0 0 0 0 0 0 0 0 0 0 0 0 0 0 0 0 0 0 0 0 0 0 0 0 0 0 0 0 0 0 0 0
0 0 0 0 0 0 0 0 0 0 0 0 0 0 0 0 0 1 0 0 0 0 0 0 0 0 0 1 0 0 0 0 0 0 0 0 0 0 0 0 0 0 0 0 0 0 0 0 0 0 0 0 0 0 0 0 0 0 0 0 0 0 0 0 0 0 0 0 0 0 0 0 0 0 0 0 0 0 0 0
0 0 0 0 1 0 0 0 0 0 0 0 0 0 0 1 0 0 0 0 0 0 0 0 0 0 0 0 0 0 0 0 0 0 0 0 0 0 0 0 0 0 0 0 0 0 0 0 0 0 0 0 0 0 0 0 0 0 0 0 0 0 0 0 0 0 0 0 0 0 0 1 0 0 1 0 0 0 0 0
0 0 0 0 0 0 0 0 0 0 0 0 0 0 0 0 0 0 0 0 0 0 0 0 0 0 0 0 0 0 1 0 0 0 0 0 0 0 0 0 0 0 0 0 0 0 0 0 0 0 0 0 0 0 0 0 0 0 0 0 0 0 0 0 0 0 0 0 0 0 0 0 0 0 0 0 0 0 0 0
0 0 0 0 0 0 0 0 0 0 0 0 0 0 0 0 1 0 0 0 0 0 0 0 0 0 0 0 0 0 0 0 0 0 0 0 0 0 0 0 0 0 1 0 0 0 0 0 0 0 0 0 0 0 1 0 0 0 0 0 0 0 0 0 0 0 0 0 0 0 0 0 0 0 0 0 0 0 0 0
0 0 0 0 0 0 0 0 0 0 0 0 0 0 0 0 0 0 0 0 0 0 0 0 0 0 0 0 0 0 0 0 0 0 0 0 0 0 0 0 0 0 0 0 0 0 0 0 0 0 0 0 0 0 0 0 0 0 0 0 0 0 0 0 0 0 0 0 1 0 0 0 0 0 0 0 0 0 0 0
0 0 0 0 0 0 0 0 0 0 0 0 0 0 0 0 0 0 0 0 0 0 0 1 0 0 0 0 0 0 0 0 0 0 0 0 0 0 0 0 0 0 0 1 0 0 0 0 0 0 0 0 0 0 0 0 0 0 0 0 0 0 0 0 0 1 0 0 0 0 0 0 0 0 0 1 0 0 0 0
0 0 0 0 0 0 0 0 0 0 0 0 0 0 0 0 0 0 0 0 0 0 0 0 0 0 0 0 0 0 0 0 0 0 0 0 0 0 0 0 0 0 0 0 0 0 0 0 0 0 0 0 0 0 0 0 1 0 0 0 0 0 0 0 0 0 0 0 0 0 0 0 0 0 0 1 0 0 0 0
0 0 0 0 0 0 0 0 0 0 0 0 0 0 0 0 0 0 0 0 0 0 0 0 1 0 0 0 0 0 0 0 0 0 0 0 0 0 0 0 0 0 0 0 0 0 0 0 0 0 0 0 0 0 0 0 0 0 1 0 1 0 0 0 0 0 0 0 0 0 0 0 0 0 0 0 0 0 0 0
0 0 0 0 0 0 0 0 0 0 0 0 1 0 0 0 0 0 0 0 0 0 0 0 0 0 0 0 0 0 0 0 0 0 0 0 0 0 0 0 0 0 0 0 0 0 0 0 0 1 0 0 0 0 0 0 0 0 0 0 0 0 0 0 0 0 0 0 0 0 0 0 0 0 0 0 0 0 0 0
0 0 0 0 0 0 0 0 0 0 0 0 0 0 0 0 0 0 1 0 0 0 0 0 0 0 0 0 0 0 0 0 1 0 0 0 0 0 0 0 0 0 0 0 0 0 0 0 0 0 0 0 0 0 0 0 0 0 0 0 0 0 0 0 0 0 0 0 0 0 1 0 0 0 0 0 0 0 0 0
0 0 0 0 0 0 0 0 0 0 0 0 0 0 0 0 0 0 0 0 0 0 1 0 0 0 0 0 0 0 0 0 0 0 0 0 0 0 0 0 0 0 0 0 0 0 0 0 0 0 0 0 1 0 0 0 0 0 0 0 0 0 0 0 0 0 0 0 0 0 0 0 0 0 0 0 0 0 0 0
0 0 0 0 0 0 0 0 0 0 0 0 0 0 0 0 0 0 0 0 0 0 0 0 0 0 0 0 0 0 0 0 0 0 0 0 1 0 0 0 0 0 0 0 0 0 0 0 0 0 0 0 0 0 0 0 0 0 0 0 0 0 0 0 0 0 0 0 0 0 0 0 1 0 0 0 0 0 0 0
0 0 0 0 0 0 0 0 0 0 0 0 0 0 0 0 0 0 0 0 0 0 0 0 0 0 0 0 0 0 0 0 0 0 0 0 0 0 0 0 0 0 0 0 0 0 0 0 0 0 0 0 0 1 0 0 0 0 0 0 0 0 0 0 0 0 0 0 0 0 0 0 0 0 0 0 0 0 0 0
0 0 0 0 0 0 0 0 0 0 0 0 0 0 0 0 0 0 0 0 0 0 0 0 0 0 0 0 0 1 0 0 0 0 0 0 0 0 0 0 0 0 0 0 0 0 0 0 0 0 0 0 0 0 0 0 0 0 0 0 0 0 0 0 0 0 0 0 0 0 0 0 0 0 0 0 0 0 0 0
1 0 0 0 0 0 0 0 0 1 0 0 0 0 0 0 0 0 0 0 0 0 0 0 0 0 0 0 0 1 0 0 0 0 0 0 0 0 0 0 0 0 0 0 0 0 0 0 0 0 0 0 0 1 0 0 0 0 0 0 0 0 0 0 0 0 0 0 0 0 0 0 0 0 0 0 0 0 0 0
0 0 0 0 0 0 0 0 0 0 0 0 0 0 0 0 0 0 0 0 0 0 0 0 0 0 0 0 0 0 0 0 0 0 0 0 0 0 0 0 0 0 0 0 0 0 0 0 0 0 0 0 0 0 0 0 0 0 0 0 0 0 0 0 0 1 0 0 0 0 0 0 0 0 0 0 0 0 0 0
0 0 0 0 0 0 0 0 0 0 0 0 0 0 0 0 0 0 0 0 0 0 0 0 0 0 0 0 1 0 0 0 0 0 0 0 0 0 0 0 0 0 0 0 0 0 0 0 0 0 0 0 0 0 0 0 0 0 0 0 0 0 0 0 0 0 0 0 0 0 0 0 0 0 0 0 0 0 0 0
0 0 0 0 0 0 0 0 0 0 0 0 0 0 0 0 0 0 0 0 0 0 0 0 0 0 0 0 0 0 0 1 0 0 0 0 0 0 0 0 0 0 0 0 0 0 0 0 0 0 0 0 0 0 0 0 0 0 0 0 0 0 0 0 0 0 0 0 0 0 0 0 0 0 0 0 0 0 0 0
0 0 0 0 0 0 0 0 0 0 0 1 0 0 0 0 0 0 1 0 0 0 0 0 0 0 0 0 0 0 0 0 0 0 0 0 0 0 0 0 0 0 0 0 0 0 0 0 0 0 0 0 0 0 0 0 0 0 0 0 0 0 0 0 0 0 0 0 0 0 0 0 0 0 0 0 0 0 0 0
0 0 0 0 0 0 0 0 0 0 0 0 0 0 0 0 0 0 0 0 0 0 0 0 0 0 0 0 0 0 0 0 0 0 0 0 0 0 0 0 0 0 0 0 0 0 0 0 0 0 0 1 0 0 0 0 0 0 0 0 0 1 0 0 0 0 0 0 0 0 0 0 0 0 0 0 0 0 0 0
0 0 0 0 0 0 0 0 0 0 0 0 0 0 0 0 0 0 0 0 0 0 0 0 0 1 1 0 0 0 0 0 0 0 0 0 0 0 0 0 0 0 0 0 0 0 0 0 0 0 0 0 0 0 0 0 0 0 0 0 0 0 0 0 0 0 0 0 0 0 0 0 0 0 0 0 0 0 0 0
0 0 0 0 0 1 0 0 0 0 0 0 0 0 0 0 0 0 0 0 0 0 0 0 0 0 0 0 0 0 0 0 0 0 0 0 0 0 0 0 0 0 0 0 0 0 0 0 0 0 0 0 0 0 0 0 0 0 0 0 0 0 0 0 0 0 0 0 0 0 0 0 0 0 0 0 0 0 0 0
0 0 0 0 0 0 0 0 0 0 0 0 0 0 0 0 0 0 0 0 0 0 0 0 0 0 0 0 0 0 0 0 0 0 0 0 0 0 0 0 0 0 0 0 0 0 0 0 0 0 1 0 0 0 0 0 0 0 0 0 0 0 0 0 0 0 0 0 0 0 0 0 0 0 0 0 0 0 1 0
0 0 0 0 0 0 0 0 0 0 0 0 0 0 0 0 0 0 0 0 0 0 0 0 0 0 0 0 0 0 0 0 0 0 0 0 0 0 0 0 1 0 0 0 0 0 0 0 0 0 0 0 0 0 0 0 0 0 0 0 0 0 0 0 0 0 0 0 0 0 0 0 0 0 0 0 0 0 0 0
0 0 0 0 0 0 0 0 1 0 0 0 0 0 0 0 0 0 0 0 0 0 0 0 0 0 0 0 0 0 0 0 0 0 0 0 0 0 0 0 0 0 0 0 0 0 0 0 0 0 0 0 0 0 0 1 0 0 0 0 0 0 0 0 0 0 0 0 0 0 0 0 0 0 0 0 0 0 0 0
0 0 0 0 0 0 0 0 0 0 0 0 0 0 0 0 0 0 0 0 0 0 0 0 0 0 0 0 0 0 0 1 0 0 0 0 0 0 0 0 0 0 0 0 0 0 0 1 0 0 0 0 0 0 0 0 0 0 0 0 0 0 0 0 0 0 0 0 0 0 0 0 0 0 0 0 0 0 0 0
0 0 0 0 0 0 0 0 0 0 0 0 0 0 0 0 0 0 0 1 0 0 0 0 0 0 0 0 0 1 0 0 0 0 0 0 0 0 0 0 0 0 0 0 0 0 0 0 0 0 0 0 0 0 0 0 0 1 0 0 0 0 0 0 0 0 0 0 0 0 0 0 0 0 0 0 0 0 0 0
0 0 0 0 0 0 0 0 0 0 0 0 0 0 0 0 0 0 0 0 0 0 0 0 0 0 1 0 0 0 0 0 0 0 0 0 0 0 0 0 0 0 0 0 0 0 0 0 0 0 0 0 0 0 0 0 0 0 0 0 0 0 0 0 0 0 0 0 0 0 0 0 0 0 0 0 0 0 0 0
0 0 0 0 0 0 0 0 0 0 0 0 0 0 0 0 0 0 0 0 0 0 0 0 0 0 0 1 0 0 0 0 0 0 0 0 0 0 0 0 0 0 0 0 0 0 0 1 0 0 0 0 0 0 0 0 0 0 0 0 0 0 0 0 0 0 0 0 0 0 0 0 0 0 0 0 0 0 0 0
0 0 0 0 0 0 0 0 0 0 0 0 0 0 0 0 0 0 0 0 1 0 0 0 0 0 0 0 0 0 0 0 0 0 0 0 0 0 0 0 0 0 0 0 0 0 0 0 0 0 0 1 1 0 0 0 0 0 0 0 0 0 0 0 0 0 0 0 0 0 0 0 0 0 0 0 0 0 0 0
1 0 0 0 0 0 0 0 0 0 0 0 1 0 0 0 0 0 0 0 0 1 0 0 0 0 0 0 0 0 0 0 0 0 0 0 0 0 0 0 0 0 0 0 0 0 0 0 0 0 0 0 0 0 0 0 0 0 0 0 0 0 0 0 0 0 0 0 0 0 0 0 0 0 0 0 0 0 0 0
0 0 0 0 0 0 0 0 0 0 0 0 0 1 0 0 0 0 0 0 0 0 0 0 0 0 0 0 0 0 0 0 0 0 0 0 0 0 0 0 0 0 0 0 0 0 0 0 0 0 0 0 0 0 0 0 0 0 0 0 0 0 0 0 0 0 0 0 0 0 0 0 0 0 0 0 0 0 0 0
0 0 0 0 0 0 0 0 0 0 0 0 0 0 0 0 0 0 0 0 0 0 0 0 0 1 0 0 0 0 0 1 0 0 0 0 0 0 0 0 0 0 0 0 0 0 0 0 0 0 0 0 0 0 0 0 0 0 0 0 0 0 0 0 0 0 0 0 1 0 0 0 0 0 0 0 0 0 0 0
0 0 0 0 0 0 0 0 1 0 0 0 0 0 0 1 0 0 0 0 0 0 0 0 0 0 0 0 0 0 0 0 0 0 0 0 0 0 0 0 0 0 0 0 0 0 0 0 0 0 0 0 0 0 0 0 0 0 0 0 0 0 0 0 0 0 0 0 0 0 0 0 0 0 0 0 0 0 0 0
500
6 pac 0 org 42 dst 34
13 pac 1 org 39 dst 25
15 pac 2 org 75 dst 10
15 pac 3 org 50 dst 65
22 pac 4 org 24 dst 0
23 pac 5 org 32 dst 58
26 pac 6 org 76 dst 56
35 pac 7 org 65 dst 57
44 pac 8 org 23 dst 32
52 pac 9 org 70 dst 52
52 pac 10 org 59 dst 6
58 pac 11 org 4 dst 30
59 pac 12 org 8 dst 53
60 pac 13 org 12 dst 30
68 pac 14 org 52 dst 7
70 pac 15 org 33 dst 67
71 pac 16 org 28 dst 0
80 pac 17 org 33 dst 4
89 pac 18 org 11 dst 17
92 pac 19 org 49 dst 27
99 pac 20 org 42 dst 73
105 pac 21 org 57 dst 41
110 pac 22 org 67 dst 24
116 pac 23 org 71 dst 1
116 pac 24 org 13 dst 2
121 pac 25 org 39 dst 9
128 pac 26 org 10 dst 43
134 pac 27 org 77 dst 29
134 pac 28 org 76 dst 34
137 pac 29 org 33 dst 10
145 pac 30 org 8 dst 35
147 pac 31 org 68 dst 34
149 pac 32 org 20 dst 38
155 pac 33 org 79 dst 32
158 pac 34 org 50 dst 57
161 pac 35 org 79 dst 44
166 pac 36 org 60 dst 36
167 pac 37 org 50 dst 13
174 pac 38 org 1 dst 51
178 pac 39 org 36 dst 40
178 pac 40 org 62 dst 40
182 pac 41 org 79 dst 60
184 pac 42 org 6 dst 1
185 pac 43 org 38 dst 68
192 pac 44 org 12 dst 27
192 pac 45 org 31 dst 28
201 pac 46 org 75 dst 13
202 pac 47 org 48 dst 26
206 pac 48 org 39 dst 77
214 pac 49 org 9 dst 41
216 pac 50 org 51 dst 6
222 pac 51 org 69 dst 62
230 pac 52 org 9 dst 48
238 pac 53 org 69 dst 72
240 pac 54 org 22 dst 48
242 pac 55 org 32 dst 2
247 pac 56 org 62 dst 59
249 pac 57 org 42 dst 28
257 pac 58 org 64 dst 35
264 pac 59 org 18 dst 60
264 pac 60 org 22 dst 75
271 pac 61 org 58 dst 36
278 pac 62 org 36 dst 16
285 pac 63 org 4 dst 36
287 pac 64 org 3 dst 4
287 pac 65 org 31 dst 30
294 pac 66 org 40 dst 11
301 pac 67 org 33 dst 68
308 pac 68 org 38 dst 17
315 pac 69 org 38 dst 40
315 pac 70 org 56 dst 14
321 pac 71 org 38 dst 29
330 pac 72 org 69 dst 58
331 pac 73 org 13 dst 79
338 pac 74 org 42 dst 73
347 pac 75 org 0 dst 34
351 pac 76 org 18 dst 19
354 pac 77 org 37 dst 55
357 pac 78 org 2 dst 41
358 pac 79 org 18 dst 20
360 pac 80 org 28 dst 3
361 pac 81 org 62 dst 45
368 pac 82 org 62 dst 12
372 pac 83 org 59 dst 40
380 pac 84 org 65 dst 28
381 pac 85 org 32 dst 13
387 pac 86 org 12 dst 50
394 pac 87 org 23 dst 2
395 pac 88 org 16 dst 25
396 pac 89 org 50 dst 68
399 pac 90 org 7 dst 68
407 pac 91 org 5 dst 8
408 pac 92 org 68 dst 31
408 pac 93 org 76 dst 12
415 pac 94 org 0 dst 1
421 pac 95 org 55 dst 16
426 pac 96 org 15 dst 54
434 pac 97 org 47 dst 17
435 pac 98 org 42 dst 66
439 pac 99 org 59 dst 19
446 pac 100 org 55 dst 40
450 pac 101 org 42 dst 56
450 pac 102 org 3 dst 34
457 pac 103 org 58 dst 64
462 pac 104 org 71 dst 56
462 pac 105 org 43 dst 29
462 pac 106 org 39 dst 63
462 pac 107 org 17 dst 49
463 pac 108 org 6 dst 52
467 pac 109 org 4 dst 63
473 pac 110 org 73 dst 52
482 pac 111 org 7 dst 70
484 pac 112 org 66 dst 52
489 pac 113 org 77 dst 37
494 pac 114 org 9 dst 5
497 pac 115 org 50 dst 42
506 pac 116 org 0 dst 57
506 pac 117 org 32 dst 72
510 pac 118 org 30 dst 58
514 pac 119 org 24 dst 8
523 pac 120 org 44 dst 72
529 pac 121 org 47 dst 41
532 pac 122 org 32 dst 63
533 pac 123 org 39 dst 16
539 pac 124 org 34 dst 75
543 pac 125 org 79 dst 28
549 pac 126 org 41 dst 12
555 pac 127 org 65 dst 1
558 pac 128 org 14 dst 54
559 pac 129 org 1 dst 8
562 pac 130 org 22 dst 63
562 pac 131 org 14 dst 19
563 pac 132 org 38 dst 57
570 pac 133 org 7 dst 55
577 pac 134 org 72 dst 59
581 pac 135 org 65 dst 51
582 pac 136 org 6 dst 26
582 pac 137 org 3 dst 32
582 pac 138 org 75 dst 48
582 pac 139 org 74 dst 61
583 pac 140 org 69 dst 7
586 pac 141 org 35 dst 11
587 pac 142 org 4 dst 27
590 pac 143 org 44 dst 67
594 pac 144 org 67 dst 76
597 pac 145 org 51 dst 11
605 pac 146 org 16 dst 79
608 pac 147 org 19 dst 65
611 pac 148 org 45 dst 66
614 pac 149 org 78 dst 49
622 pac 150 org 39 dst 21
625 pac 151 org 37 dst 73
629 pac 152 org 12 dst 26
631 pac 153 org 33 dst 64
636 pac 154 org 14 dst 17
645 pac 155 org 43 dst 67
652 pac 156 org 36 dst 50
657 pac 157 org 58 dst 69
665 pac 158 org 63 dst 65
674 pac 159 org 53 dst 60
678 pac 160 org 8 dst 33
687 pac 161 org 53 dst 20
688 pac 162 org 78 dst 45
694 pac 163 org 59 dst 58
701 pac 164 org 46 dst 11
710 pac 165 org 30 dst 33
717 pac 166 org 42 dst 13
720 pac 167 org 36 dst 44
727 pac 168 org 30 dst 14
728 pac 169 org 38 dst 78
737 pac 170 org 18 dst 32
745 pac 171 org 33 dst 18
750 pac 172 org 13 dst 79
757 pac 173 org 21 dst 8
764 pac 174 org 56 dst 55
769 pac 175 org 66 dst 11
776 pac 176 org 24 dst 4
781 pac 177 org 49 dst 50
782 pac 178 org 44 dst 7
790 pac 179 org 23 dst 0
798 pac 180 org 42 dst 8
805 pac 181 org 31 dst 2
812 pac 182 org 46 dst 51
821 pac 183 org 30 dst 49
825 pac 184 org 61 dst 71
825 pac 185 org 47 dst 4
832 pac 186 org 76 dst 23
839 pac 187 org 67 dst 78
842 pac 188 org 67 dst 7
846 pac 189 org 41 dst 5
855 pac 190 org 66 dst 34
864 pac 191 org 13 dst 59
872 pac 192 org 13 dst 2
875 pac 193 org 36 dst 49
883 pac 194 org 12 dst 21
886 pac 195 org 30 dst 3
886 pac 196 org 55 dst 71
887 pac 197 org 12 dst 18
894 pac 198 org 59 dst 35
900 pac 199 org 15 dst 21
907 pac 200 org 9 dst 74
914 pac 201 org 21 dst 75
917 pac 202 org 34 dst 14
919 pac 203 org 49 dst 25
924 pac 204 org 21 dst 74
932 pac 205 org 12 dst 61
941 pac 206 org 60 dst 7
947 pac 207 org 79 dst 1
956 pac 208 org 0 dst 51
956 pac 209 org 2 dst 79
961 pac 210 org 64 dst 59
970 pac 211 org 31 dst 69
972 pac 212 org 77 dst 63
981 pac 213 org 44 dst 40
990 pac 214 org 44 dst 42
994 pac 215 org 48 dst 32
996 pac 216 org 46 dst 54
1005 pac 217 org 43 dst 20
1006 pac 218 org 68 dst 9
1011 pac 219 org 79 dst 36
1011 pac 220 org 57 dst 49
1019 pac 221 org 17 dst 54
1021 pac 222 org 14 dst 42
1027 pac 223 org 65 dst 26
1033 pac 224 org 63 dst 18
1035 pac 225 org 7 dst 0
1044 pac 226 org 25 dst 45
1045 pac 227 org 19 dst 51
1054 pac 228 org 60 dst 48
1056 pac 229 org 15 dst 16
1057 pac 230 org 11 dst 63
1062 pac 231 org 70 dst 24
1069 pac 232 org 13 dst 8
1076 pac 233 org 11 dst 78
1081 pac 234 org 51 dst 68
1088 pac 235 org 1 dst 49
1090 pac 236 org 33 dst 71
1090 pac 237 org 38 dst 45
1094 pac 238 org 43 dst 29
1099 pac 239 org 16 dst 79
1101 pac 240 org 59 dst 32
1107 pac 241 org 9 dst 29
1113 pac 242 org 74 dst 37
1115 pac 243 org 6 dst 2
1119 pac 244 org 42 dst 4
1121 pac 245 org 70 dst 72
1121 pac 246 org 16 dst 59
1129 pac 247 org 58 dst 17
1137 pac 248 org 29 dst 13
1142 pac 249 org 0 dst 62
1149 pac 250 org 54 dst 25
1153 pac 251 org 13 dst 55
1156 pac 252 org 75 dst 8
1156 pac 253 org 14 dst 4
1160 pac 254 org 8 dst 56
1169 pac 255 org 52 dst 31
1172 pac 256 org 54 dst 50
1180 pac 257 org 19 dst 76
1184 pac 258 org 37 dst 63
1186 pac 259 org 51 dst 58
1195 pac 260 org 57 dst 19
1203 pac 261 org 12 dst 42
1203 pac 262 org 69 dst 26
1212 pac 263 org 48 dst 43
1220 pac 264 org 72 dst 62
1222 pac 265 org 31 dst 11
1224 pac 266 org 78 dst 60
1228 pac 267 org 36 dst 8
1228 pac 268 org 29 dst 16
1237 pac 269 org 77 dst 4
1241 pac 270 org 7 dst 73
1246 pac 271 org 52 dst 61
1249 pac 272 org 25 dst 47
1253 pac 273 org 7 dst 55
1260 pac 274 org 62 dst 54
1267 pac 275 org 5 dst 25
1272 pac 276 org 22 dst 2
1272 pac 277 org 39 dst 49
1280 pac 278 org 47 dst 31
1280 pac 279 org 39 dst 6
1284 pac 280 org 23 dst 32
1284 pac 281 org 51 dst 58
1289 pac 282 org 35 dst 76
1289 pac 283 org 43 dst 10
1297 pac 284 org 51 dst 24
1304 pac 285 org 57 dst 23
1305 pac 286 org 61 dst 10
1307 pac 287 org 44 dst 33
1316 pac 288 org 39 dst 8
1316 pac 289 org 29 dst 9
1324 pac 290 org 49 dst 69
1332 pac 291 org 11 dst 18
1337 pac 292 org 22 dst 58
1341 pac 293 org 26 dst 73
1342 pac 294 org 44 dst 21
1350 pac 295 org 27 dst 19
1359 pac 296 org 62 dst 54
1362 pac 297 org 27 dst 58
1366 pac 298 org 27 dst 32
1366 pac 299 org 37 dst 49
1367 pac 300 org 60 dst 47
1371 pac 301 org 38 dst 24
1374 pac 302 org 26 dst 79
1376 pac 303 org 59 dst 24
1376 pac 304 org 56 dst 42
1378 pac 305 org 26 dst 39
1379 pac 306 org 40 dst 10
1386 pac 307 org 43 dst 31
1389 pac 308 org 21 dst 29
1390 pac 309 org 75 dst 6
1399 pac 310 org 27 dst 50
1401 pac 311 org 31 dst 48
1404 pac 312 org 72 dst 34
1405 pac 313 org 41 dst 7
1407 pac 314 org 43 dst 28
1413 pac 315 org 79 dst 53
1421 pac 316 org 28 dst 79
1425 pac 317 org 57 dst 69
1426 pac 318 org 25 dst 6
1428 pac 319 org 49 dst 42
1436 pac 320 org 45 dst 56
1444 pac 321 org 59 dst 29
1448 pac 322 org 79 dst 36
1457 pac 323 org 25 dst 73
1459 pac 324 org 14 dst 59
1464 pac 325 org 63 dst 12
1464 pac 326 org 61 dst 49
1471 pac 327 org 9 dst 68
1471 pac 328 org 51 dst 18
1473 pac 329 org 13 dst 62
1481 pac 330 org 72 dst 66
1482 pac 331 org 59 dst 11
1489 pac 332 org 78 dst 56
1496 pac 333 org 53 dst 45
1498 pac 334 org 57 dst 70
1504 pac 335 org 77 dst 62
1505 pac 336 org 12 dst 23
1506 pac 337 org 49 dst 20
1515 pac 338 org 35 dst 13
1515 pac 339 org 63 dst 0
1521 pac 340 org 26 dst 54
1528 pac 341 org 6 dst 24
1529 pac 342 org 14 dst 54
1538 pac 343 org 51 dst 9
1545 pac 344 org 67 dst 19
1551 pac 345 org 71 dst 44
1551 pac 346 org 18 dst 29
1558 pac 347 org 48 dst 50
1567 pac 348 org 25 dst 31
1567 pac 349 org 44 dst 8
1576 pac 350 org 1 dst 14
1579 pac 351 org 78 dst 12
1584 pac 352 org 14 dst 44
1589 pac 353 org 14 dst 29
1594 pac 354 org 31 dst 68
1599 pac 355 org 52 dst 59
1607 pac 356 org 30 dst 25
1611 pac 357 org 27 dst 47
1615 pac 358 org 44 dst 71
1623 pac 359 org 67 dst 27
1625 pac 360 org 47 dst 74
1629 pac 361 org 78 dst 72
1632 pac 362 org 43 dst 79
1635 pac 363 org 4 dst 36
1636 pac 364 org 62 dst 72
1643 pac 365 org 57 dst 39
1651 pac 366 org 71 dst 35
1654 pac 367 org 0 dst 56
1657 pac 368 org 43 dst 22
1661 pac 369 org 56 dst 2
1667 pac 370 org 66 dst 52
1671 pac 371 org 61 dst 43
1680 pac 372 org 49 dst 42
1684 pac 373 org 44 dst 9
1693 pac 374 org 25 dst 40
1696 pac 375 org 34 dst 77
1703 pac 376 org 48 dst 3
1711 pac 377 org 62 dst 13
1716 pac 378 org 71 dst 33
1724 pac 379 org 33 dst 73
1727 pac 380 org 34 dst 43
1728 pac 381 org 13 dst 11
1729 pac 382 org 18 dst 38
1730 pac 383 org 47 dst 46
1731 pac 384 org 66 dst 28
1733 pac 385 org 77 dst 75
1737 pac 386 org 16 dst 18
1743 pac 387 org 12 dst 31
1747 pac 388 org 63 dst 43
1755 pac 389 org 75 dst 61
1759 pac 390 org 45 dst 9
1767 pac 391 org 52 dst 27
1771 pac 392 org 57 dst 59
1774 pac 393 org 29 dst 65
1774 pac 394 org 59 dst 72
1779 pac 395 org 16 dst 47
1780 pac 396 org 22 dst 40
1789 pac 397 org 77 dst 54
1794 pac 398 org 60 dst 28
1802 pac 399 org 50 dst 67
1805 pac 400 org 41 dst 77
1809 pac 401 org 72 dst 40
1811 pac 402 org 72 dst 61
1819 pac 403 org 5 dst 19
1821 pac 404 org 34 dst 38
1827 pac 405 org 49 dst 19
1831 pac 406 org 42 dst 44
1831 pac 407 org 26 dst 13
1837 pac 408 org 24 dst 70
1846 pac 409 org 41 dst 47
1852 pac 410 org 42 dst 0
1860 pac 411 org 41 dst 12
1868 pac 412 org 60 dst 45
1871 pac 413 org 61 dst 36
1871 pac 414 org 6 dst 40
1879 pac 415 org 63 dst 13
1887 pac 416 org 1 dst 30
1891 pac 417 org 51 dst 39
1891 pac 418 org 25 dst 5
1891 pac 419 org 6 dst 4
1891 pac 420 org 9 dst 74
1900 pac 421 org 74 dst 27
1906 pac 422 org 58 dst 77
1913 pac 423 org 5 dst 23
1913 pac 424 org 76 dst 78
1921 pac 425 org 68 dst 50
1927 pac 426 org 73 dst 48
1929 pac 427 org 31 dst 68
1936 pac 428 org 59 dst 63
1943 pac 429 org 14 dst 38
1948 pac 430 org 49 dst 55
1952 pac 431 org 62 dst 73
1954 pac 432 org 64 dst 11
1958 pac 433 org 18 dst 78
1963 pac 434 org 10 dst 62
1963 pac 435 org 29 dst 43
1972 pac 436 org 69 dst 52
1980 pac 437 org 59 dst 21
1986 pac 438 org 49 dst 34
1992 pac 439 org 11 dst 50
1995 pac 440 org 79 dst 25
2003 pac 441 org 27 dst 25
2004 pac 442 org 37 dst 25
2012 pac 443 org 20 dst 19
2020 pac 444 org 15 dst 30
2023 pac 445 org 40 dst 18
2024 pac 446 org 28 dst 5
2032 pac 447 org 2 dst 66
2035 pac 448 org 26 dst 46
2038 pac 449 org 39 dst 67
2042 pac 450 org 3 dst 24
2050 pac 451 org 34 dst 49
2052 pac 452 org 43 dst 56
2061 pac 453 org 31 dst 0
2069 pac 454 org 62 dst 77
2069 pac 455 org 35 dst 65
2073 pac 456 org 53 dst 20
2080 pac 457 org 25 dst 7
2084 pac 458 org 19 dst 14
2085 pac 459 org 14 dst 16
2085 pac 460 org 54 dst 41
2094 pac 461 org 61 dst 29
2094 pac 462 org 34 dst 56
2102 pac 463 org 42 dst 4
2110 pac 464 org 60 dst 1
2118 pac 465 org 48 dst 40
2121 pac 466 org 35 dst 30
2130 pac 467 org 68 dst 26
2134 pac 468 org 19 dst 1
2137 pac 469 org 51 dst 37
2142 pac 470 org 54 dst 57
2148 pac 471 org 53 dst 24
2153 pac 472 org 35 dst 22
2155 pac 473 org 12 dst 10
2164 pac 474 org 30 dst 58
2168 pac 475 org 69 dst 21
2177 pac 476 org 9 dst 23
2181 pac 477 org 53 dst 4
2184 pac 478 org 76 dst 35
2185 pac 479 org 0 dst 31
2187 pac 480 org 20 dst 40
2193 pac 481 org 75 dst 53
2202 pac 482 org 2 dst 35
2209 pac 483 org 17 dst 35
2212 pac 484 org 17 dst 28
2213 pac 485 org 75 dst 1
2213 pac 486 org 49 dst 29
2219 pac 487 org 35 dst 49
2228 pac 488 org 74 dst 57
2237 pac 489 org 27 dst 66
2243 pac 490 org 37 dst 72
2247 pac 491 org 25 dst 65
2253 pac 492 org 41 dst 4
2260 pac 493 org 6 dst 4
2263 pac 494 org 25 dst 76
2263 pac 495 org 19 dst 4
2270 pac 496 org 77 dst 18
2271 pac 497 org 16 dst 33
2276 pac 498 org 69 dst 36
2276 pac 499 org 70 dst 13
