5
20
100
1
79
0 0 0 0 0 0 0 0 0 0 0 0 0 0 0 0 0 0 0 0 0 0 0 0 0 0 0 0 0 0 0 0 0 0 0 0 0 0 0 0 0 0 0 0 1 1 0 0 0 0 0 0 0 0 0 0 0 0 0 0 0 0 0 0 0 0 0 0 0 0 0 0 0 0 0 0 1 0 0
0 0 0 0 0 0 0 0 0 0 0 0 0 0 0 0 0 0 0 0 0 0 0 0 0 0 0 0 0 0 0 0 0 0 0 0 0 0 0 0 1 0 0 0 0 0 0 0 0 0 0 0 0 0 0 0 0 0 0 0 0 0 0 0 0 0 0 0 0 0 0 0 0 0 0 0 0 0 0
0 0 0 0 0 0 0 0 0 0 0 0 0 0 0 0 0 0 0 0 0 0 0 0 1 0 0 0 0 0 0 0 0 0 0 0 0 0 0 0 0 0 0 0 0 0 0 0 0 0 0 0 0 0 0 0 0 0 0 0 0 0 0 0 0 0 0 0 0 0 0 0 0 0 0 0 0 0 0
0 0 0 0 0 0 0 0 0 0 0 0 0 0 0 0 0 0 0 0 0 0 0 0 0 0 0 0 0 0 0 0 0 0 0 1 0 0 0 0 0 0 0 0 0 0 0 0 0 0 0 0 0 0 0 0 0 0 0 0 0 0 0 0 0 0 0 0 0 0 0 0 0 0 0 0 0 0 0
0 0 0 0 0 0 0 0 0 0 0 0 0 0 0 0 0 0 0 0 0 1 0 0 0 0 0 0 0 0 0 0 0 0 0 0 0 0 0 0 0 0 0 0 0 0 0 0 0 0 0 0 0 0 0 0 0 0 0 0 0 0 0 0 0 0 0 0 0 0 0 0 0 0 0 0 0 0 0
0 0 0 0 0 0 0 0 0 0 1 0 0 0 0 0 0 0 0 0 0 0 0 0 0 0 0 0 0 0 0 0 0 0 0 0 0 0 0 0 0 0 0 0 0 0 0 0 0 0 0 0 0 0 0 0 0 0 0 0 0 0 0 0 0 0 0 1 0 0 0 0 0 0 0 0 0 0 0
0 0 0 0 0 0 0 0 0 0 0 0 0 0 0 0 1 0 0 0 0 0 0 0 0 0 0 0 0 0 0 0 0 0 0 0 0 0 0 0 0 0 0 0 0 1 0 0 0 0 0 1 0 0 0 0 0 0 0 0 0 0 0 0 0 0 0 0 0 0 0 0 0 0 0 0 0 0 0
0 0 0 0 0 0 0 0 0 0 0 0 0 0 0 0 0 0 0 0 0 0 0 0 0 0 0 0 1 0 0 0 0 0 0 0 0 1 0 0 0 0 0 0 0 0 0 0 0 0 0 0 0 0 0 0 0 0 0 0 0 0 0 0 0 0 0 0 0 0 0 0 0 0 0 0 0 0 0
0 0 0 0 0 0 0 0 0 0 0 0 0 0 0 0 0 0 0 0 0 0 0 0 0 0 0 0 0 0 0 0 0 0 0 0 0 0 0 0 0 0 0 0 0 0 0 0 0 0 0 0 0 0 0 0 0 0 0 0 0 0 0 0 0 0 0 0 0 1 0 0 0 0 0 0 0 0 1
0 0 0 0 0 0 0 0 0 0 0 0 0 1 0 0 0 0 0 0 0 0 0 0 0 0 0 0 0 0 0 0 0 0 0 0 0 0 0 0 0 0 0 0 0 0 0 0 0 0 0 0 0 0 0 0 0 0 0 1 0 0 0 0 0 0 0 0 0 0 0 0 0 0 0 0 0 0 0
0 0 0 0 0 1 0 0 0 0 0 0 0 0 0 0 0 0 0 0 0 0 0 0 0 0 0 0 0 0 0 0 0 0 0 0 0 0 0 0 0 0 0 0 0 0 0 0 0 0 0 0 0 0 0 0 0 0 0 0 0 0 0 0 0 0 0 0 0 0 0 0 0 0 0 0 0 0 0
0 0 0 0 0 0 0 0 0 0 0 0 0 0 0 0 0 0 0 0 1 0 0 0 0 0 0 0 0 0 0 0 0 0 0 0 0 0 0 0 0 0 0 0 0 0 0 0 0 0 0 0 0 1 0 0 0 0 0 0 0 0 0 1 0 0 0 0 0 0 0 0 0 0 0 0 0 0 0
0 0 0 0 0 0 0 0 0 0 0 0 0 0 0 0 0 0 0 0 0 0 0 0 0 0 0 0 0 0 0 0 0 0 0 0 0 0 0 0 0 0 0 0 0 0 0 0 0 0 0 0 0 0 0 0 0 0 0 0 0 0 0 0 0 0 0 0 0 0 0 0 0 0 0 1 0 0 0
0 0 0 0 0 0 0 0 0 1 0 0 0 0 0 0 0 0 0 0 0 0 0 0 0 0 0 0 0 0 0 0 0 0 0 0 0 0 0 0 0 0 0 0 0 0 0 0 0 0 0 0 0 0 0 0 0 0 0 0 0 0 0 0 0 0 0 0 0 0 0 0 0 0 0 0 0 0 0
0 0 0 0 0 0 0 0 0 0 0 0 0 0 0 0 0 0 0 0 0 0 0 0 0 0 0 0 0 0 0 0 0 0 0 0 0 0 0 0 0 0 0 0 0 0 0 0 0 0 0 0 0 0 0 0 0 0 0 0 0 0 0 0 0 0 0 0 0 0 0 0 0 0 0 0 0 0 1
0 0 0 0 0 0 0 0 0 0 0 0 0 0 0 0 0 0 0 0 0 0 0 0 0 0 0 0 0 0 0 0 0 0 0 0 0 0 0 0 0 0 0 1 0 0 1 0 0 0 0 0 0 0 0 0 0 0 0 0 0 0 0 0 0 0 0 0 0 0 0 0 0 0 0 0 0 0 0
0 0 0 0 0 0 1 0 0 0 0 0 0 0 0 0 0 0 0 0 0 0 0 0 0 0 0 0 0 0 0 0 0 0 0 0 0 0 0 0 0 0 0 0 0 0 0 0 0 1 0 0 0 0 0 0 0 0 0 0 0 0 0 0 0 0 0 0 0 0 0 0 0 0 0 0 0 0 0
0 0 0 0 0 0 0 0 0 0 0 0 0 0 0 0 0 0 0 0 0 0 0 0 0 0 0 0 0 0 0 0 0 0 0 0 0 0 0 0 0 0 0 0 0 0 1 0 0 0 0 0 0 0 0 0 0 0 0 0 0 0 0 0 0 0 0 0 0 0 0 0 0 0 0 0 0 0 0
0 0 0 0 0 0 0 0 0 0 0 0 0 0 0 0 0 0 0 0 0 0 0 0 0 0 0 0 0 0 0 0 0 0 0 0 0 0 0 0 0 0 0 0 0 0 0 0 0 0 0 0 0 0 1 0 0 0 0 0 0 0 0 1 0 0 1 0 0 0 0 0 0 0 0 0 0 0 0
0 0 0 0 0 0 0 0 0 0 0 0 0 0 0 0 0 0 0 0 0 0 0 0 0 0 0 0 0 0 0 0 0 0 0 0 0 0 1 1 0 0 0 0 0 0 0 0 0 0 0 0 0 0 0 0 0 0 0 0 0 0 0 0 0 0 0 0 0 0 0 1 0 0 0 0 0 0 0
0 0 0 0 0 0 0 0 0 0 0 1 0 0 0 0 0 0 0 0 0 0 0 0 0 0 0 0 0 0 0 0 1 0 0 0 0 0 0 0 0 0 0 0 0 0 0 0 0 0 0 0 0 0 0 0 0 0 0 0 0 0 0 0 0 0 0 0 0 0 0 0 0 0 1 0 0 0 0
0 0 0 0 1 0 0 0 0 0 0 0 0 0 0 0 0 0 0 0 0 0 0 0 0 0 0 0 0 0 0 0 0 0 0 0 0 1 0 0 0 0 0 0 0 0 0 0 0 0 0 0 0 0 0 0 0 0 0 0 0 0 0 0 0 0 0 0 0 0 0 0 0 0 0 1 0 0 0
0 0 0 0 0 0 0 0 0 0 0 0 0 0 0 0 0 0 0 0 0 0 0 0 0 0 0 0 0 0 0 0 0 0 0 0 0 0 0 0 0 0 0 0 0 0 0 0 0 0 0 0 0 0 0 1 0 1 0 0 0 0 0 0 0 0 0 0 0 0 0 0 0 0 0 0 0 0 0
0 0 0 0 0 0 0 0 0 0 0 0 0 0 0 0 0 0 0 0 0 0 0 0 0 0 0 0 0 0 0 0 0 0 0 1 0 0 0 0 0 0 0 0 0 0 0 0 0 0 0 1 0 0 0 0 0 0 0 0 0 0 0 0 0 0 0 0 0 0 0 0 0 0 0 0 0 0 0
0 0 1 0 0 0 0 0 0 0 0 0 0 0 0 0 0 0 0 0 0 0 0 0 0 0 0 0 0 0 0 0 0 0 1 0 0 0 0 0 0 0 0 0 0 0 0 0 0 0 0 0 0 0 0 0 0 0 0 0 0 0 0 0 0 1 0 0 0 0 0 0 0 0 0 0 0 0 0
0 0 0 0 0 0 0 0 0 0 0 0 0 0 0 0 0 0 0 0 0 0 0 0 0 0 0 0 0 0 0 0 0 0 0 0 0 0 0 0 0 0 0 0 0 0 0 0 0 0 0 0 0 0 0 0 0 0 0 0 0 0 0 0 0 0 0 0 0 0 0 0 0 0 0 0 0 1 0
0 0 0 0 0 0 0 0 0 0 0 0 0 0 0 0 0 0 0 0 0 0 0 0 0 0 0 0 0 0 0 0 0 0 0 0 0 0 0 0 0 0 0 0 0 0 1 0 0 0 0 0 0 0 0 0 0 0 0 0 0 0 0 0 0 1 0 0 0 0 0 0 1 1 0 0 0 0 0
0 0 0 0 0 0 0 0 0 0 0 0 0 0 0 0 0 0 0 0 0 0 0 0 0 0 0 0 0 0 0 0 0 0 0 0 0 0 0 0 0 0 0 0 0 1 0 0 0 0 0 0 0 0 0 0 0 0 0 0 0 0 0 0 0 0 0 0 0 0 0 0 0 0 0 0 0 0 1
0 0 0 0 0 0 0 1 0 0 0 0 0 0 0 0 0 0 0 0 0 0 0 0 0 0 0 0 0 0 0 0 0 0 0 0 0 0 0 0 0 0 0 0 0 0 0 0 0 0 0 0 0 0 0 0 0 0 0 1 0 0 0 0 0 0 0 0 0 0 0 0 0 0 0 0 0 0 0
0 0 0 0 0 0 0 0 0 0 0 0 0 0 0 0 0 0 0 0 0 0 0 0 0 0 0 0 0 0 0 0 0 0 0 0 0 0 0 0 0 0 0 0 1 0 0 1 0 0 0 0 0 0 0 0 0 0 1 0 0 0 0 0 0 0 0 0 0 0 0 1 0 0 0 0 0 0 0
0 0 0 0 0 0 0 0 0 0 0 0 0 0 0 0 0 0 0 0 0 0 0 0 0 0 0 0 0 0 0 0 0 0 0 0 0 0 0 0 0 0 0 0 0 0 0 0 0 0 0 0 0 0 0 0 0 0 0 0 0 0 1 0 0 0 0 0 0 0 0 0 0 0 0 0 0 1 0
0 0 0 0 0 0 0 0 0 0 0 0 0 0 0 0 0 0 0 0 0 0 0 0 0 0 0 0 0 0 0 0 0 0 0 0 0 0 0 0 0 0 0 0 0 0 0 0 0 0 0 0 0 0 0 0 0 0 0 0 0 0 0 0 0 0 0 0 0 0 0 1 0 0 0 0 0 0 0
0 0 0 0 0 0 0 0 0 0 0 0 0 0 0 0 0 0 0 0 1 0 0 0 0 0 0 0 0 0 0 0 0 0 0 0 0 0 0 0 0 0 0 0 0 0 0 0 0 0 0 0 0 0 0 0 0 0 0 0 0 0 0 0 0 0 0 0 0 0 0 0 0 0 0 0 0 0 0
0 0 0 0 0 0 0 0 0 0 0 0 0 0 0 0 0 0 0 0 0 0 0 0 0 0 0 0 0 0 0 0 0 0 0 0 0 0 0 1 0 0 0 0 0 0 0 0 0 0 0 0 0 0 0 0 0 0 0 0 0 0 0 0 0 0 0 0 0 0 0 0 0 0 0 0 0 0 0
0 0 0 0 0 0 0 0 0 0 0 0 0 0 0 0 0 0 0 0 0 0 0 0 1 0 0 0 0 0 0 0 0 0 0 0 0 0 0 0 0 0 0 0 0 0 0 0 0 0 0 0 0 0 0 0 0 0 0 0 0 0 0 0 0 0 0 0 0 0 0 0 0 0 0 0 0 0 0
0 0 0 1 0 0 0 0 0 0 0 0 0 0 0 0 0 0 0 0 0 0 0 1 0 0 0 0 0 0 0 0 0 0 0 0 0 0 0 0 0 0 0 0 0 0 0 0 0 0 0 0 0 0 0 0 0 0 0 0 0 0 0 0 0 0 0 0 0 0 0 0 0 0 0 0 0 0 0
0 0 0 0 0 0 0 0 0 0 0 0 0 0 0 0 0 0 0 0 0 0 0 0 0 0 0 0 0 0 0 0 0 0 0 0 0 0 0 0 0 0 0 0 1 0 0 0 0 0 0 0 0 0 0 0 0 0 0 0 0 0 0 0 0 0 0 0 0 0 0 0 0 0 0 0 0 0 0
0 0 0 0 0 0 0 1 0 0 0 0 0 0 0 0 0 0 0 0 0 1 0 0 0 0 0 0 0 0 0 0 0 0 0 0 0 0 0 0 0 0 0 0 0 0 0 0 0 0 0 0 0 0 0 0 0 0 0 0 0 0 0 0 0 0 0 0 0 0 0 0 0 0 0 0 0 0 0
0 0 0 0 0 0 0 0 0 0 0 0 0 0 0 0 0 0 0 1 0 0 0 0 0 0 0 0 0 0 0 0 0 0 0 0 0 0 0 0 0 0 0 0 0 0 0 0 0 0 0 0 0 0 0 0 0 0 0 0 0 0 0 0 0 0 0 0 0 0 0 0 0 0 0 0 0 0 0
0 0 0 0 0 0 0 0 0 0 0 0 0 0 0 0 0 0 0 1 0 0 0 0 0 0 0 0 0 0 0 0 0 1 0 0 0 0 0 0 0 0 0 0 0 0 0 0 0 0 0 0 0 0 0 0 0 0 0 0 0 0 0 0 0 0 0 0 1 0 0 0 0 0 0 0 0 0 0
0 1 0 0 0 0 0 0 0 0 0 0 0 0 0 0 0 0 0 0 0 0 0 0 0 0 0 0 0 0 0 0 0 0 0 0 0 0 0 0 0 0 0 1 0 1 0 0 0 0 0 0 0 0 0 0 0 0 0 0 0 0 0 0 0 0 0 0 0 0 0 0 0 0 0 0 0 0 0
0 0 0 0 0 0 0 0 0 0 0 0 0 0 0 0 0 0 0 0 0 0 0 0 0 0 0 0 0 0 0 0 0 0 0 0 0 0 0 0 0 0 0 0 0 0 0 0 1 0 0 0 0 0 0 0 0 0 0 0 0 0 0 0 0 0 0 0 0 0 0 0 0 0 0 0 0 0 0
0 0 0 0 0 0 0 0 0 0 0 0 0 0 0 0 0 0 0 0 0 0 0 0 0 0 0 0 0 0 0 0 0 0 0 0 0 0 0 0 0 0 0 0 0 0 0 0 0 0 0 1 0 0 0 0 0 0 0 0 0 0 0 0 0 0 0 0 0 0 0 0 0 0 0 0 0 0 0
0 0 0 0 0 0 0 0 0 0 0 0 0 0 0 1 0 0 0 0 0 0 0 0 0 0 0 0 0 0 0 0 0 0 0 0 0 0 0 0 1 0 0 0 0 0 0 0 0 0 0 0 0 0 0 0 0 0 0 0 0 0 0 0 0 0 0 0 0 0 0 0 0 0 0 0 0 0 0
1 0 0 0 0 0 0 0 0 0 0 0 0 0 0 0 0 0 0 0 0 0 0 0 0 0 0 0 0 1 0 0 0 0 0 0 1 0 0 0 0 0 0 0 0 0 0 0 0 0 0 0 0 0 0 0 0 0 0 0 0 0 0 0 0 0 0 0 0 0 0 0 0 0 0 0 0 1 0
1 0 0 0 0 0 1 0 0 0 0 0 0 0 0 0 0 0 0 0 0 0 0 0 0 0 0 1 0 0 0 0 0 0 0 0 0 0 0 0 1 0 0 0 0 0 0 0 0 0 0 0 0 0 0 0 0 0 0 0 0 0 0 0 0 0 0 0 0 0 0 0 0 0 0 0 0 0 0
0 0 0 0 0 0 0 0 0 0 0 0 0 0 0 1 0 1 0 0 0 0 0 0 0 0 1 0 0 0 0 0 0 0 0 0 0 0 0 0 0 0 0 0 0 0 0 0 0 0 0 0 0 0 0 0 0 0 0 0 0 0 0 0 0 0 0 0 0 0 1 0 0 0 0 0 0 0 0
0 0 0 0 0 0 0 0 0 0 0 0 0 0 0 0 0 0 0 0 0 0 0 0 0 0 0 0 0 1 0 0 0 0 0 0 0 0 0 0 0 0 0 0 0 0 0 0 0 0 0 0 0 0 0 0 0 0 0 0 0 0 0 0 0 0 0 0 0 0 0 0 0 0 0 0 0 0 0
0 0 0 0 0 0 0 0 0 0 0 0 0 0 0 0 0 0 0 0 0 0 0 0 0 0 0 0 0 0 0 0 0 0 0 0 0 0 0 0 0 1 0 0 0 0 0 0 0 0 0 0 0 1 0 0 0 0 0 0 0 0 0 0 0 0 0 0 0 0 0 0 0 0 0 0 0 0 0
0 0 0 0 0 0 0 0 0 0 0 0 0 0 0 0 1 0 0 0 0 0 0 0 0 0 0 0 0 0 0 0 0 0 0 0 0 0 0 0 0 0 0 0 0 0 0 0 0 0 0 0 0 0 0 0 0 0 0 0 0 0 0 0 0 0 0 1 0 0 0 0 0 0 0 0 0 0 0
0 0 0 0 0 0 0 0 0 0 0 0 0 0 0 0 0 0 0 0 0 0 0 0 0 0 0 0 0 0 0 0 0 0 0 0 0 0 0 0 0 0 0 0 0 0 0 0 0 0 0 0 0 0 0 0 0 0 0 0 0 0 0 0 0 0 0 0 0 0 0 0 0 0 1 0 0 0 0
0 0 0 0 0 0 1 0 0 0 0 0 0 0 0 0 0 0 0 0 0 0 0 1 0 0 0 0 0 0 0 0 0 0 0 0 0 0 0 0 0 0 1 0 0 0 0 0 0 0 0 0 0 0 0 0 0 0 0 0 0 0 0 0 1 0 0 0 0 0 0 0 0 0 0 1 0 0 0
0 0 0 0 0 0 0 0 0 0 0 0 0 0 0 0 0 0 0 0 0 0 0 0 0 0 0 0 0 0 0 0 0 0 0 0 0 0 0 0 0 0 0 0 0 0 0 0 0 0 0 0 0 0 0 1 0 0 0 0 1 0 0 0 0 0 0 0 0 0 0 0 0 0 1 0 0 0 0
0 0 0 0 0 0 0 0 0 0 0 1 0 0 0 0 0 0 0 0 0 0 0 0 0 0 0 0 0 0 0 0 0 0 0 0 0 0 0 0 0 0 0 0 0 0 0 0 1 0 0 0 0 0 0 0 0 0 0 0 0 0 0 0 0 0 0 0 0 0 0 0 0 0 0 0 0 0 0
0 0 0 0 0 0 0 0 0 0 0 0 0 0 0 0 0 0 1 0 0 0 0 0 0 0 0 0 0 0 0 0 0 0 0 0 0 0 0 0 0 0 0 0 0 0 0 0 0 0 0 0 0 0 0 0 0 0 0 0 0 0 0 0 0 0 0 0 0 0 0 0 0 0 0 0 0 0 0
0 0 0 0 0 0 0 0 0 0 0 0 0 0 0 0 0 0 0 0 0 0 1 0 0 0 0 0 0 0 0 0 0 0 0 0 0 0 0 0 0 0 0 0 0 0 0 0 0 0 0 0 1 0 0 0 0 0 0 0 0 0 0 0 0 0 0 0 0 1 0 0 0 0 0 0 0 0 0
0 0 0 0 0 0 0 0 0 0 0 0 0 0 0 0 0 0 0 0 0 0 0 0 0 0 0 0 0 0 0 0 0 0 0 0 0 0 0 0 0 0 0 0 0 0 0 0 0 0 0 0 0 0 0 0 0 0 0 0 0 0 0 0 0 0 0 0 0 0 0 1 0 0 0 0 0 0 0
0 0 0 0 0 0 0 0 0 0 0 0 0 0 0 0 0 0 0 0 0 0 1 0 0 0 0 0 0 0 0 0 0 0 0 0 0 0 0 0 0 0 0 0 0 0 0 0 0 0 0 0 0 0 0 0 0 0 0 0 0 0 0 0 0 0 0 0 0 0 0 0 0 0 0 0 0 0 0
0 0 0 0 0 0 0 0 0 0 0 0 0 0 0 0 0 0 0 0 0 0 0 0 0 0 0 0 0 1 0 0 0 0 0 0 0 0 0 0 0 0 0 0 0 0 0 0 0 0 0 0 0 0 0 0 0 0 0 0 0 0 0 0 0 0 0 0 0 0 0 0 0 0 0 0 0 0 0
0 0 0 0 0 0 0 0 0 1 0 0 0 0 0 0 0 0 0 0 0 0 0 0 0 0 0 0 1 0 0 0 0 0 0 0 0 0 0 0 0 0 0 0 0 0 0 0 0 0 0 0 0 0 0 0 0 0 0 0 0 0 0 0 0 0 0 0 0 0 0 0 0 0 0 0 0 0 0
0 0 0 0 0 0 0 0 0 0 0 0 0 0 0 0 0 0 0 0 0 0 0 0 0 0 0 0 0 0 0 0 0 0 0 0 0 0 0 0 0 0 0 0 0 0 0 0 0 0 0 0 1 0 0 0 0 0 0 0 0 0 0 0 0 0 0 0 0 0 0 0 0 0 0 0 0 0 0
0 0 0 0 0 0 0 0 0 0 0 0 0 0 0 0 0 0 0 0 0 0 0 0 0 0 0 0 0 0 0 0 0 0 0 0 0 0 0 0 0 0 0 0 0 0 0 0 0 0 0 0 0 0 0 0 0 0 0 0 0 0 0 0 1 0 0 0 0 0 0 0 0 0 0 0 0 0 0
0 0 0 0 0 0 0 0 0 0 0 0 0 0 0 0 0 0 0 0 0 0 0 0 0 0 0 0 0 0 1 0 0 0 0 0 0 0 0 0 0 0 0 0 0 0 0 0 0 0 0 0 0 0 0 0 0 0 0 0 0 0 0 0 0 0 0 0 0 0 0 0 0 0 0 0 0 0 0
0 0 0 0 0 0 0 0 0 0 0 1 0 0 0 0 0 0 1 0 0 0 0 0 0 0 0 0 0 0 0 0 0 0 0 0 0 0 0 0 0 0 0 0 0 0 0 0 0 0 0 0 0 0 0 0 0 0 0 0 0 0 0 0 0 0 0 0 0 0 0 0 0 0 0 0 0 0 0
0 0 0 0 0 0 0 0 0 0 0 0 0 0 0 0 0 0 0 0 0 0 0 0 0 0 0 0 0 0 0 0 0 0 0 0 0 0 0 0 0 0 0 0 0 0 0 0 0 0 0 1 0 0 0 0 0 0 0 0 0 1 0 0 0 0 0 0 0 0 0 0 0 0 0 0 0 0 0
0 0 0 0 0 0 0 0 0 0 0 0 0 0 0 0 0 0 0 0 0 0 0 0 1 0 1 0 0 0 0 0 0 0 0 0 0 0 0 0 0 0 0 0 0 0 0 0 0 0 0 0 0 0 0 0 0 0 0 0 0 0 0 0 0 0 0 0 0 0 0 0 0 0 0 0 0 0 0
0 0 0 0 0 0 0 0 0 0 0 0 0 0 0 0 0 0 1 0 0 0 0 0 0 0 0 0 0 0 0 0 0 0 0 0 0 0 0 0 0 0 0 0 0 0 0 0 0 0 0 0 0 0 0 0 0 0 0 0 0 0 0 0 0 0 0 0 0 0 0 0 0 0 0 0 0 0 0
0 0 0 0 0 1 0 0 0 0 0 0 0 0 0 0 0 0 0 0 0 0 0 0 0 0 0 0 0 0 0 0 0 0 0 0 0 0 0 0 0 0 0 0 0 0 0 0 0 1 0 0 0 0 0 0 0 0 0 0 0 0 0 0 0 0 0 0 0 0 0 0 0 0 0 0 0 0 0
0 0 0 0 0 0 0 0 0 0 0 0 0 0 0 0 0 0 0 0 0 0 0 0 0 0 0 0 0 0 0 0 0 0 0 0 0 0 0 1 0 0 0 0 0 0 0 0 0 0 0 0 0 0 0 0 0 0 0 0 0 0 0 0 0 0 0 0 0 0 0 0 0 0 0 0 0 0 0
0 0 0 0 0 0 0 0 1 0 0 0 0 0 0 0 0 0 0 0 0 0 0 0 0 0 0 0 0 0 0 0 0 0 0 0 0 0 0 0 0 0 0 0 0 0 0 0 0 0 0 0 0 0 0 1 0 0 0 0 0 0 0 0 0 0 0 0 0 0 0 0 0 0 0 0 0 0 0
0 0 0 0 0 0 0 0 0 0 0 0 0 0 0 0 0 0 0 0 0 0 0 0 0 0 0 0 0 0 0 0 0 0 0 0 0 0 0 0 0 0 0 0 0 0 1 0 0 0 0 0 0 0 0 0 0 0 0 0 0 0 0 0 0 0 0 0 0 0 0 0 0 0 0 0 0 0 0
0 0 0 0 0 0 0 0 0 0 0 0 0 0 0 0 0 0 0 1 0 0 0 0 0 0 0 0 0 1 0 1 0 0 0 0 0 0 0 0 0 0 0 0 0 0 0 0 0 0 0 0 0 0 0 0 1 0 0 0 0 0 0 0 0 0 0 0 0 0 0 0 0 0 0 0 0 0 0
0 0 0 0 0 0 0 0 0 0 0 0 0 0 0 0 0 0 0 0 0 0 0 0 0 0 1 0 0 0 0 0 0 0 0 0 0 0 0 0 0 0 0 0 0 0 0 0 0 0 0 0 0 0 0 0 0 0 0 0 0 0 0 0 0 0 0 0 0 0 0 0 0 0 0 0 0 0 0
0 0 0 0 0 0 0 0 0 0 0 0 0 0 0 0 0 0 0 0 0 0 0 0 0 0 1 0 0 0 0 0 0 0 0 0 0 0 0 0 0 0 0 0 0 0 0 0 0 0 0 0 0 0 0 0 0 0 0 0 0 0 0 0 0 0 0 0 0 0 0 0 0 0 0 0 0 0 0
0 0 0 0 0 0 0 0 0 0 0 0 0 0 0 0 0 0 0 0 1 0 0 0 0 0 0 0 0 0 0 0 0 0 0 0 0 0 0 0 0 0 0 0 0 0 0 0 0 0 1 0 1 0 0 0 0 0 0 0 0 0 0 0 0 0 0 0 0 0 0 0 0 0 0 0 0 0 0
0 0 0 0 0 0 0 0 0 0 0 0 1 0 0 0 0 0 0 0 0 1 0 0 0 0 0 0 0 0 0 0 0 0 0 0 0 0 0 0 0 0 0 0 0 0 0 0 0 0 0 1 0 0 0 0 0 0 0 0 0 0 0 0 0 0 0 0 0 0 0 0 0 0 0 0 0 0 0
1 0 0 0 0 0 0 0 0 0 0 0 0 0 0 0 0 0 0 0 0 0 0 0 0 0 0 0 0 0 0 0 0 0 0 0 0 0 0 0 0 0 0 0 0 0 0 0 0 0 0 0 0 0 0 0 0 0 0 0 0 0 0 0 0 0 0 0 0 0 0 0 0 0 0 0 0 0 0
0 0 0 0 0 0 0 0 0 0 0 0 0 0 0 0 0 0 0 0 0 0 0 0 0 1 0 0 0 0 1 0 0 0 0 0 0 0 0 0 0 0 0 0 1 0 0 0 0 0 0 0 0 0 0 0 0 0 0 0 0 0 0 0 0 0 0 0 0 0 0 0 0 0 0 0 0 0 0
0 0 0 0 0 0 0 0 1 0 0 0 0 0 1 0 0 0 0 0 0 0 0 0 0 0 0 1 0 0 0 0 0 0 0 0 0 0 0 0 0 0 0 0 0 0 0 0 0 0 0 0 0 0 0 0 0 0 0 0 0 0 0 0 0 0 0 0 0 0 0 0 0 0 0 0 0 0 0
500
2 pac 0 org 28 dst 0
11 pac 1 org 33 dst 4
20 pac 2 org 11 dst 17
23 pac 3 org 49 dst 27
30 pac 4 org 42 dst 72
36 pac 5 org 56 dst 41
41 pac 6 org 66 dst 23
47 pac 7 org 70 dst 1
47 pac 8 org 13 dst 2
52 pac 9 org 39 dst 9
59 pac 10 org 10 dst 42
65 pac 11 org 76 dst 29
65 pac 12 org 75 dst 34
68 pac 13 org 32 dst 10
76 pac 14 org 8 dst 34
78 pac 15 org 68 dst 34
80 pac 16 org 20 dst 37
86 pac 17 org 78 dst 32
89 pac 18 org 49 dst 56
92 pac 19 org 78 dst 43
97 pac 20 org 59 dst 35
98 pac 21 org 50 dst 13
105 pac 22 org 1 dst 51
109 pac 23 org 35 dst 39
109 pac 24 org 61 dst 40
113 pac 25 org 78 dst 59
115 pac 26 org 6 dst 1
116 pac 27 org 38 dst 67
123 pac 28 org 12 dst 26
123 pac 29 org 30 dst 28
132 pac 30 org 74 dst 13
133 pac 31 org 47 dst 25
137 pac 32 org 39 dst 76
145 pac 33 org 9 dst 40
147 pac 34 org 50 dst 6
153 pac 35 org 68 dst 62
161 pac 36 org 9 dst 47
169 pac 37 org 68 dst 71
171 pac 38 org 21 dst 48
173 pac 39 org 31 dst 2
178 pac 40 org 62 dst 58
180 pac 41 org 41 dst 28
188 pac 42 org 63 dst 34
195 pac 43 org 17 dst 59
195 pac 44 org 22 dst 74
202 pac 45 org 57 dst 36
209 pac 46 org 35 dst 15
216 pac 47 org 4 dst 36
218 pac 48 org 3 dst 4
218 pac 49 org 31 dst 29
225 pac 50 org 40 dst 11
232 pac 51 org 32 dst 68
239 pac 52 org 37 dst 17
246 pac 53 org 37 dst 39
246 pac 54 org 56 dst 14
252 pac 55 org 38 dst 29
261 pac 56 org 69 dst 57
262 pac 57 org 13 dst 78
269 pac 58 org 41 dst 72
278 pac 59 org 0 dst 34
282 pac 60 org 18 dst 19
285 pac 61 org 36 dst 55
288 pac 62 org 2 dst 41
289 pac 63 org 18 dst 19
291 pac 64 org 27 dst 3
292 pac 65 org 61 dst 45
299 pac 66 org 61 dst 12
303 pac 67 org 58 dst 39
311 pac 68 org 65 dst 28
312 pac 69 org 31 dst 13
318 pac 70 org 12 dst 50
325 pac 71 org 22 dst 2
326 pac 72 org 16 dst 25
327 pac 73 org 50 dst 67
330 pac 74 org 7 dst 67
338 pac 75 org 5 dst 8
339 pac 76 org 67 dst 30
339 pac 77 org 75 dst 12
346 pac 78 org 0 dst 1
352 pac 79 org 55 dst 16
357 pac 80 org 15 dst 53
365 pac 81 org 47 dst 17
366 pac 82 org 41 dst 65
370 pac 83 org 59 dst 18
377 pac 84 org 55 dst 40
381 pac 85 org 42 dst 55
381 pac 86 org 3 dst 33
388 pac 87 org 57 dst 63
393 pac 88 org 70 dst 55
393 pac 89 org 43 dst 29
393 pac 90 org 38 dst 63
393 pac 91 org 17 dst 49
394 pac 92 org 6 dst 51
398 pac 93 org 4 dst 62
404 pac 94 org 72 dst 52
413 pac 95 org 7 dst 69
415 pac 96 org 65 dst 52
420 pac 97 org 76 dst 36
425 pac 98 org 9 dst 4
428 pac 99 org 49 dst 41
437 pac 100 org 0 dst 56
437 pac 101 org 32 dst 71
441 pac 102 org 30 dst 57
445 pac 103 org 24 dst 8
454 pac 104 org 44 dst 71
460 pac 105 org 46 dst 40
463 pac 106 org 32 dst 62
464 pac 107 org 39 dst 15
470 pac 108 org 33 dst 74
474 pac 109 org 78 dst 28
480 pac 110 org 41 dst 12
486 pac 111 org 65 dst 1
489 pac 112 org 14 dst 53
490 pac 113 org 1 dst 8
493 pac 114 org 21 dst 63
493 pac 115 org 14 dst 19
494 pac 116 org 38 dst 56
501 pac 117 org 7 dst 55
508 pac 118 org 71 dst 58
512 pac 119 org 64 dst 50
513 pac 120 org 6 dst 25
513 pac 121 org 2 dst 32
513 pac 122 org 74 dst 47
513 pac 123 org 73 dst 60
514 pac 124 org 68 dst 7
517 pac 125 org 34 dst 11
518 pac 126 org 4 dst 27
521 pac 127 org 43 dst 66
525 pac 128 org 66 dst 75
528 pac 129 org 50 dst 11
536 pac 130 org 16 dst 78
539 pac 131 org 19 dst 64
542 pac 132 org 44 dst 65
545 pac 133 org 77 dst 48
553 pac 134 org 39 dst 21
556 pac 135 org 37 dst 72
560 pac 136 org 12 dst 26
562 pac 137 org 33 dst 63
567 pac 138 org 14 dst 17
576 pac 139 org 42 dst 66
583 pac 140 org 36 dst 50
588 pac 141 org 57 dst 69
596 pac 142 org 62 dst 64
605 pac 143 org 53 dst 59
609 pac 144 org 8 dst 33
618 pac 145 org 53 dst 20
619 pac 146 org 77 dst 44
625 pac 147 org 58 dst 57
632 pac 148 org 46 dst 10
641 pac 149 org 30 dst 32
648 pac 150 org 41 dst 13
651 pac 151 org 36 dst 43
658 pac 152 org 29 dst 14
659 pac 153 org 37 dst 77
668 pac 154 org 18 dst 31
676 pac 155 org 32 dst 18
681 pac 156 org 13 dst 78
688 pac 157 org 21 dst 8
689 pac 158 org 62 dst 65
689 pac 159 org 41 dst 24
695 pac 160 org 62 dst 49
695 pac 161 org 42 dst 44
695 pac 162 org 9 dst 23
696 pac 163 org 68 dst 42
696 pac 164 org 64 dst 31
702 pac 165 org 61 dst 46
708 pac 166 org 58 dst 29
716 pac 167 org 74 dst 60
716 pac 168 org 37 dst 46
718 pac 169 org 3 dst 75
727 pac 170 org 62 dst 66
727 pac 171 org 58 dst 66
727 pac 172 org 24 dst 41
731 pac 173 org 35 dst 65
738 pac 174 org 78 dst 13
738 pac 175 org 73 dst 13
744 pac 176 org 65 dst 36
746 pac 177 org 25 dst 12
746 pac 178 org 65 dst 29
754 pac 179 org 26 dst 54
756 pac 180 org 6 dst 12
760 pac 181 org 13 dst 59
762 pac 182 org 58 dst 15
771 pac 183 org 49 dst 9
780 pac 184 org 57 dst 21
781 pac 185 org 61 dst 33
784 pac 186 org 29 dst 49
793 pac 187 org 23 dst 21
800 pac 188 org 42 dst 12
800 pac 189 org 65 dst 59
800 pac 190 org 72 dst 78
806 pac 191 org 49 dst 0
815 pac 192 org 71 dst 2
822 pac 193 org 0 dst 64
830 pac 194 org 44 dst 31
837 pac 195 org 72 dst 76
842 pac 196 org 22 dst 43
847 pac 197 org 77 dst 44
851 pac 198 org 76 dst 47
857 pac 199 org 31 dst 45
859 pac 200 org 23 dst 42
860 pac 201 org 71 dst 67
864 pac 202 org 10 dst 78
870 pac 203 org 41 dst 56
876 pac 204 org 6 dst 17
881 pac 205 org 70 dst 14
884 pac 206 org 19 dst 64
886 pac 207 org 51 dst 62
886 pac 208 org 50 dst 7
891 pac 209 org 20 dst 25
897 pac 210 org 78 dst 18
903 pac 211 org 10 dst 59
905 pac 212 org 75 dst 15
912 pac 213 org 18 dst 11
915 pac 214 org 14 dst 69
916 pac 215 org 45 dst 13
925 pac 216 org 60 dst 11
933 pac 217 org 62 dst 51
939 pac 218 org 44 dst 1
947 pac 219 org 55 dst 33
952 pac 220 org 20 dst 37
955 pac 221 org 4 dst 42
964 pac 222 org 38 dst 15
968 pac 223 org 43 dst 58
971 pac 224 org 16 dst 9
975 pac 225 org 51 dst 73
975 pac 226 org 52 dst 6
975 pac 227 org 23 dst 42
984 pac 228 org 37 dst 69
991 pac 229 org 17 dst 16
993 pac 230 org 2 dst 58
994 pac 231 org 70 dst 28
1001 pac 232 org 70 dst 0
1004 pac 233 org 42 dst 53
1010 pac 234 org 55 dst 13
1011 pac 235 org 38 dst 74
1011 pac 236 org 30 dst 14
1018 pac 237 org 3 dst 8
1021 pac 238 org 37 dst 51
1027 pac 239 org 72 dst 53
1036 pac 240 org 26 dst 19
1043 pac 241 org 65 dst 37
1050 pac 242 org 37 dst 50
1052 pac 243 org 19 dst 56
1057 pac 244 org 74 dst 11
1060 pac 245 org 69 dst 68
1065 pac 246 org 6 dst 47
1072 pac 247 org 74 dst 71
1073 pac 248 org 67 dst 31
1080 pac 249 org 18 dst 77
1081 pac 250 org 18 dst 35
1083 pac 251 org 33 dst 28
1083 pac 252 org 7 dst 76
1092 pac 253 org 71 dst 7
1099 pac 254 org 34 dst 51
1104 pac 255 org 41 dst 24
1110 pac 256 org 26 dst 7
1116 pac 257 org 36 dst 61
1119 pac 258 org 57 dst 5
1119 pac 259 org 59 dst 22
1125 pac 260 org 42 dst 39
1128 pac 261 org 2 dst 47
1128 pac 262 org 70 dst 38
1132 pac 263 org 2 dst 22
1139 pac 264 org 39 dst 50
1148 pac 265 org 2 dst 35
1149 pac 266 org 43 dst 42
1152 pac 267 org 6 dst 50
1154 pac 268 org 66 dst 57
1155 pac 269 org 58 dst 60
1159 pac 270 org 12 dst 43
1160 pac 271 org 19 dst 38
1161 pac 272 org 77 dst 28
1169 pac 273 org 3 dst 48
1171 pac 274 org 67 dst 11
1178 pac 275 org 66 dst 22
1187 pac 276 org 45 dst 26
1189 pac 277 org 37 dst 44
1191 pac 278 org 15 dst 27
1197 pac 279 org 64 dst 61
1204 pac 280 org 77 dst 26
1208 pac 281 org 26 dst 27
1214 pac 282 org 34 dst 36
1219 pac 283 org 4 dst 60
1222 pac 284 org 13 dst 38
1231 pac 285 org 32 dst 26
1234 pac 286 org 28 dst 59
1239 pac 287 org 18 dst 55
1243 pac 288 org 3 dst 26
1244 pac 289 org 20 dst 39
1247 pac 290 org 7 dst 43
1250 pac 291 org 57 dst 21
1250 pac 292 org 24 dst 74
1256 pac 293 org 8 dst 27
1262 pac 294 org 78 dst 31
1266 pac 295 org 16 dst 71
1266 pac 296 org 30 dst 41
1269 pac 297 org 10 dst 43
1275 pac 298 org 21 dst 78
1284 pac 299 org 53 dst 27
1292 pac 300 org 67 dst 56
1292 pac 301 org 35 dst 24
1297 pac 302 org 7 dst 48
1304 pac 303 org 16 dst 44
1307 pac 304 org 66 dst 58
1311 pac 305 org 67 dst 78
1320 pac 306 org 36 dst 24
1327 pac 307 org 77 dst 14
1328 pac 308 org 21 dst 62
1334 pac 309 org 41 dst 61
1342 pac 310 org 1 dst 9
1344 pac 311 org 57 dst 51
1351 pac 312 org 1 dst 13
1359 pac 313 org 15 dst 72
1360 pac 314 org 67 dst 58
1367 pac 315 org 14 dst 77
1372 pac 316 org 56 dst 53
1380 pac 317 org 62 dst 56
1387 pac 318 org 20 dst 76
1389 pac 319 org 52 dst 12
1391 pac 320 org 15 dst 49
1392 pac 321 org 11 dst 35
1392 pac 322 org 71 dst 62
1398 pac 323 org 5 dst 25
1401 pac 324 org 48 dst 6
1407 pac 325 org 62 dst 13
1408 pac 326 org 12 dst 50
1410 pac 327 org 76 dst 66
1415 pac 328 org 56 dst 71
1418 pac 329 org 54 dst 18
1424 pac 330 org 6 dst 47
1427 pac 331 org 57 dst 25
1428 pac 332 org 73 dst 43
1429 pac 333 org 5 dst 1
1430 pac 334 org 76 dst 77
1435 pac 335 org 25 dst 14
1438 pac 336 org 46 dst 14
1446 pac 337 org 40 dst 31
1453 pac 338 org 47 dst 51
1456 pac 339 org 45 dst 29
1461 pac 340 org 68 dst 27
1469 pac 341 org 31 dst 43
1472 pac 342 org 34 dst 66
1481 pac 343 org 69 dst 46
1490 pac 344 org 22 dst 77
1499 pac 345 org 35 dst 43
1503 pac 346 org 29 dst 3
1512 pac 347 org 26 dst 61
1516 pac 348 org 8 dst 56
1520 pac 349 org 59 dst 70
1527 pac 350 org 63 dst 0
1529 pac 351 org 31 dst 43
1529 pac 352 org 26 dst 55
1535 pac 353 org 35 dst 65
1540 pac 354 org 49 dst 61
1545 pac 355 org 38 dst 48
1546 pac 356 org 76 dst 44
1551 pac 357 org 38 dst 24
1560 pac 358 org 71 dst 34
1560 pac 359 org 27 dst 48
1568 pac 360 org 13 dst 68
1572 pac 361 org 33 dst 40
1576 pac 362 org 72 dst 68
1577 pac 363 org 42 dst 26
1579 pac 364 org 11 dst 8
1584 pac 365 org 38 dst 8
1592 pac 366 org 45 dst 9
1601 pac 367 org 27 dst 10
1603 pac 368 org 75 dst 22
1604 pac 369 org 18 dst 38
1611 pac 370 org 31 dst 47
1620 pac 371 org 42 dst 37
1625 pac 372 org 60 dst 68
1631 pac 373 org 9 dst 38
1638 pac 374 org 26 dst 64
1641 pac 375 org 59 dst 35
1648 pac 376 org 64 dst 26
1650 pac 377 org 72 dst 0
1652 pac 378 org 47 dst 45
1661 pac 379 org 39 dst 9
1668 pac 380 org 53 dst 76
1674 pac 381 org 28 dst 43
1677 pac 382 org 40 dst 76
1681 pac 383 org 72 dst 39
1683 pac 384 org 71 dst 60
1691 pac 385 org 5 dst 19
1693 pac 386 org 34 dst 38
1699 pac 387 org 49 dst 19
1703 pac 388 org 41 dst 44
1703 pac 389 org 26 dst 13
1709 pac 390 org 24 dst 69
1718 pac 391 org 40 dst 47
1724 pac 392 org 42 dst 0
1732 pac 393 org 40 dst 12
1740 pac 394 org 59 dst 44
1743 pac 395 org 60 dst 35
1743 pac 396 org 6 dst 40
1751 pac 397 org 62 dst 13
1759 pac 398 org 1 dst 30
1763 pac 399 org 50 dst 39
1763 pac 400 org 25 dst 5
1763 pac 401 org 6 dst 4
1763 pac 402 org 8 dst 73
1772 pac 403 org 73 dst 27
1778 pac 404 org 57 dst 76
1785 pac 405 org 5 dst 22
1785 pac 406 org 76 dst 77
1793 pac 407 org 67 dst 49
1799 pac 408 org 72 dst 47
1801 pac 409 org 30 dst 68
1808 pac 410 org 58 dst 62
1815 pac 411 org 14 dst 37
1820 pac 412 org 48 dst 54
1824 pac 413 org 61 dst 72
1826 pac 414 org 64 dst 11
1830 pac 415 org 18 dst 77
1835 pac 416 org 10 dst 61
1835 pac 417 org 29 dst 43
1844 pac 418 org 68 dst 51
1852 pac 419 org 58 dst 21
1858 pac 420 org 49 dst 33
1864 pac 421 org 11 dst 49
1867 pac 422 org 78 dst 24
1875 pac 423 org 27 dst 25
1876 pac 424 org 37 dst 25
1884 pac 425 org 20 dst 18
1892 pac 426 org 15 dst 29
1895 pac 427 org 40 dst 18
1896 pac 428 org 28 dst 5
1904 pac 429 org 2 dst 65
1907 pac 430 org 25 dst 45
1910 pac 431 org 38 dst 67
1914 pac 432 org 3 dst 24
1922 pac 433 org 34 dst 48
1924 pac 434 org 43 dst 56
1933 pac 435 org 30 dst 0
1941 pac 436 org 61 dst 76
1941 pac 437 org 34 dst 64
1945 pac 438 org 52 dst 19
1952 pac 439 org 25 dst 7
1956 pac 440 org 19 dst 14
1957 pac 441 org 13 dst 16
1957 pac 442 org 53 dst 41
1966 pac 443 org 60 dst 29
1966 pac 444 org 33 dst 55
1974 pac 445 org 42 dst 4
1982 pac 446 org 59 dst 1
1990 pac 447 org 48 dst 39
1993 pac 448 org 34 dst 29
2002 pac 449 org 67 dst 25
2006 pac 450 org 18 dst 1
2009 pac 451 org 50 dst 37
2014 pac 452 org 54 dst 57
2020 pac 453 org 52 dst 24
2025 pac 454 org 35 dst 22
2027 pac 455 org 12 dst 10
2030 pac 456 org 69 dst 70
2038 pac 457 org 58 dst 74
2039 pac 458 org 21 dst 37
2045 pac 459 org 23 dst 71
2054 pac 460 org 3 dst 37
2054 pac 461 org 34 dst 28
2056 pac 462 org 31 dst 12
2065 pac 463 org 40 dst 18
2065 pac 464 org 52 dst 47
2067 pac 465 org 35 dst 78
2069 pac 466 org 35 dst 62
2078 pac 467 org 27 dst 30
2084 pac 468 org 1 dst 11
2088 pac 469 org 28 dst 4
2097 pac 470 org 48 dst 47
2100 pac 471 org 56 dst 75
2104 pac 472 org 65 dst 76
2107 pac 473 org 72 dst 49
2112 pac 474 org 64 dst 34
2112 pac 475 org 3 dst 53
2115 pac 476 org 4 dst 60
2117 pac 477 org 75 dst 27
2126 pac 478 org 4 dst 2
2128 pac 479 org 17 dst 59
2136 pac 480 org 32 dst 13
2140 pac 481 org 69 dst 68
2141 pac 482 org 45 dst 69
2142 pac 483 org 7 dst 57
2148 pac 484 org 0 dst 2
2155 pac 485 org 64 dst 40
2162 pac 486 org 76 dst 41
2169 pac 487 org 38 dst 66
2175 pac 488 org 19 dst 15
2184 pac 489 org 23 dst 64
2188 pac 490 org 62 dst 21
2192 pac 491 org 27 dst 70
2198 pac 492 org 47 dst 15
2199 pac 493 org 30 dst 50
2206 pac 494 org 7 dst 25
2211 pac 495 org 53 dst 62
2216 pac 496 org 8 dst 43
2224 pac 497 org 75 dst 1
2230 pac 498 org 72 dst 3
2238 pac 499 org 40 dst 51
