5
20
100
1
98
0 0 0 0 0 0 0 0 0 0 0 0 0 0 0 0 0 0 0 0 0 0 0 0 0 0 0 0 0 0 0 0 0 0 0 0 0 0 0 0 0 0 0 0 0 0 0 0 0 0 0 0 0 0 0 1 1 0 0 0 0 0 0 0 0 0 0 0 0 0 0 0 0 0 1 0 0 0 0 0 0 0 0 0 0 0 0 0 0 0 0 0 0 0 0 0 0 0
0 0 0 0 0 0 0 0 0 0 0 0 0 0 0 0 0 0 0 0 0 0 0 0 0 0 0 0 0 0 0 0 0 0 0 0 0 0 0 0 0 0 0 0 0 0 0 0 0 0 0 0 0 0 0 0 0 0 0 0 0 0 0 0 0 0 0 0 0 0 0 0 0 0 0 0 0 0 0 0 0 0 0 0 0 0 0 0 0 0 0 0 0 0 1 0 0 0
0 0 0 0 0 0 0 0 0 0 0 0 0 0 0 0 0 0 0 0 0 0 0 0 0 0 0 0 0 0 0 0 0 0 0 0 0 0 0 0 0 0 0 0 0 0 0 0 0 0 0 0 0 0 0 0 0 0 0 0 0 0 1 0 0 0 0 0 0 0 0 0 0 0 0 0 0 0 0 0 0 0 0 0 0 0 0 0 0 0 0 0 0 0 0 0 0 0
0 0 0 0 0 0 0 0 0 0 0 0 0 0 0 0 0 0 0 0 0 0 0 0 0 0 0 0 0 0 1 0 0 0 0 0 0 0 0 0 0 0 0 0 0 0 0 0 0 0 0 0 0 0 0 0 0 0 0 0 0 0 0 0 0 0 0 0 0 0 0 0 0 0 0 0 0 0 0 0 0 0 0 0 0 0 0 0 0 0 0 0 0 0 0 0 0 0
0 0 0 0 0 0 0 0 0 0 0 0 0 0 0 0 0 0 0 0 0 0 0 0 0 0 0 0 0 0 0 0 0 0 0 0 0 0 0 0 0 0 0 0 1 0 0 0 0 0 0 0 0 0 0 0 0 0 0 0 0 0 0 0 0 0 0 0 0 0 0 0 0 0 0 0 0 0 0 0 0 0 0 0 0 0 0 0 0 0 0 0 0 0 0 0 0 0
0 0 0 0 0 0 0 0 0 0 0 0 0 0 0 0 0 0 0 0 0 0 0 0 0 0 0 0 0 0 0 0 0 0 0 0 0 0 0 0 0 0 0 0 0 0 0 0 0 0 0 0 0 0 0 0 0 1 0 0 0 0 0 0 0 0 0 0 0 0 0 0 0 0 0 0 0 0 0 0 0 0 0 0 0 0 0 0 0 0 0 0 0 0 0 0 0 0
0 0 0 0 0 0 0 0 0 0 0 0 1 0 0 0 0 0 0 0 0 0 0 0 0 0 1 0 0 0 0 0 0 0 0 0 0 0 0 0 0 0 0 0 0 0 0 0 0 0 0 0 0 0 0 0 0 0 0 0 0 0 0 0 0 0 0 0 0 0 0 0 0 0 0 0 0 0 0 0 0 0 0 1 0 0 0 0 0 0 0 0 0 0 0 0 0 0
0 0 0 0 0 0 0 0 0 0 0 0 0 0 0 0 0 0 0 0 0 0 0 0 0 0 0 0 0 0 0 0 0 0 0 0 0 0 0 0 0 0 0 0 0 0 0 0 0 0 0 0 0 0 0 0 0 0 0 0 0 0 0 0 1 0 0 0 0 0 0 0 0 0 0 0 0 0 0 0 0 0 0 0 0 0 0 0 0 0 0 0 0 0 0 0 0 0
0 0 0 0 0 0 0 0 0 0 0 0 0 0 0 0 0 0 0 1 0 0 0 0 0 0 0 0 0 0 0 0 0 0 0 0 0 0 0 0 0 0 0 0 0 0 0 0 0 0 0 0 0 0 0 1 0 0 0 0 0 0 0 0 0 0 0 0 0 0 0 0 0 0 0 0 0 0 0 0 0 0 0 0 0 0 0 0 0 0 0 0 0 0 0 0 0 0
0 0 0 0 0 0 0 0 0 0 0 0 0 0 0 0 0 0 0 0 0 0 0 0 0 0 0 0 0 0 0 0 0 0 0 1 0 0 0 0 0 0 0 0 0 0 1 0 0 0 0 0 0 0 0 0 0 0 0 0 0 0 0 0 0 0 0 0 0 0 0 0 0 0 0 0 0 0 0 0 0 0 0 0 0 0 0 0 0 0 0 0 0 0 0 0 0 0
0 0 0 0 0 0 0 0 0 0 0 0 0 0 0 0 0 0 0 0 0 0 0 0 0 0 0 0 0 0 0 0 0 0 0 0 0 0 0 0 0 0 0 0 0 0 0 0 0 0 0 0 0 0 0 0 0 0 0 0 0 0 0 0 0 0 0 0 0 0 0 0 0 0 0 0 0 0 0 0 0 0 0 0 0 0 1 0 0 0 0 0 0 0 0 0 0 1
0 0 0 0 0 0 0 0 0 0 0 0 0 0 0 0 1 0 0 0 0 0 0 0 0 0 0 0 0 0 0 0 0 0 0 0 0 0 0 0 0 0 0 0 0 0 0 0 0 0 0 0 0 0 0 0 0 0 0 0 0 0 0 0 0 0 0 0 0 0 0 0 0 1 0 0 0 0 0 0 0 0 0 0 0 0 0 0 0 0 0 0 0 0 0 0 0 0
0 0 0 0 0 0 1 0 0 0 0 0 0 0 0 0 0 0 0 0 0 0 0 0 0 0 0 0 0 0 0 0 0 0 0 0 0 0 0 0 0 0 0 0 0 0 0 0 0 0 0 0 0 0 0 0 0 0 0 0 0 0 0 0 0 0 0 0 0 0 0 0 0 0 0 0 0 0 0 0 0 0 0 0 0 0 0 0 0 0 0 0 0 0 0 0 0 0
0 0 0 0 0 0 0 0 0 0 0 0 0 0 0 0 0 0 0 0 0 0 0 0 1 0 0 0 0 0 0 0 0 0 0 0 0 0 0 0 0 0 0 0 0 0 0 0 0 0 0 0 0 0 0 0 0 0 0 0 0 0 0 0 0 0 0 0 0 0 0 0 0 0 0 0 0 0 0 1 0 0 0 0 0 0 0 0 0 0 0 0 0 0 0 0 0 0
0 0 0 0 0 0 0 0 0 0 0 0 0 0 0 0 0 0 0 0 0 0 0 0 0 0 0 0 0 0 0 0 0 0 0 0 0 0 0 0 0 0 0 1 0 0 0 0 0 0 0 0 0 0 0 0 0 0 0 0 0 0 0 0 0 0 1 0 0 0 0 0 0 0 0 0 0 0 0 0 0 0 0 0 0 0 0 0 0 0 0 0 0 0 0 0 0 0
0 0 0 0 0 0 0 0 0 0 0 0 0 0 0 0 0 0 0 0 0 0 0 0 0 0 0 0 0 0 0 0 0 0 0 0 0 0 0 0 0 0 0 0 0 0 0 0 0 0 0 0 0 0 0 0 0 0 0 0 0 0 0 0 0 0 0 0 0 0 0 0 0 0 0 0 0 0 0 0 0 0 0 0 0 0 0 0 0 0 0 0 0 1 0 0 0 0
0 0 0 0 0 0 0 0 0 0 0 1 0 0 0 0 0 0 0 0 0 0 0 0 0 0 0 0 0 0 0 0 0 0 0 0 0 0 0 0 0 0 0 0 0 0 0 0 0 0 0 0 0 0 0 0 0 0 0 0 0 0 0 0 0 0 0 0 0 0 0 0 0 0 0 0 0 0 0 0 0 0 0 0 0 0 0 0 0 0 0 0 0 0 0 1 0 0
0 0 0 0 0 0 0 0 0 0 0 0 0 0 0 0 0 0 0 0 1 0 0 0 0 0 0 0 0 0 0 0 0 0 0 0 0 0 0 0 0 0 0 0 0 0 0 0 0 0 0 0 0 0 0 0 0 0 0 0 0 0 0 0 0 0 0 0 0 0 0 0 0 0 0 0 0 0 0 0 0 0 0 0 0 0 0 0 0 0 0 0 0 0 0 0 0 0
0 0 0 0 0 0 0 0 0 0 0 0 0 0 0 0 0 0 0 0 0 0 0 0 0 0 0 0 0 0 0 0 0 0 0 0 0 0 0 0 0 0 0 0 0 0 0 0 0 0 0 0 0 0 0 0 0 0 0 0 0 0 0 0 0 0 0 0 0 0 0 0 0 0 0 0 0 0 0 0 0 0 0 0 0 0 0 0 0 0 0 0 0 0 0 0 0 1
0 0 0 0 0 0 0 0 1 0 0 0 0 0 0 0 0 0 0 0 0 0 0 0 0 0 0 0 0 0 0 0 0 0 0 0 0 0 0 0 0 0 0 0 0 0 0 0 0 0 0 0 0 1 0 0 0 0 1 0 0 0 0 0 0 0 0 0 0 0 0 0 0 0 0 0 0 0 0 0 0 0 0 0 0 0 0 0 0 0 0 0 0 0 0 0 0 0
0 0 0 0 0 0 0 0 0 0 0 0 0 0 0 0 0 1 0 0 0 0 0 0 0 0 0 0 0 0 0 0 0 0 0 0 0 0 0 0 0 0 0 0 0 0 0 0 0 0 0 0 0 0 0 0 0 0 0 0 1 0 0 0 0 0 0 0 0 0 0 0 0 0 0 0 0 0 0 0 0 0 0 0 0 0 0 0 0 0 0 0 0 0 0 0 0 0
0 0 0 0 0 0 0 0 0 0 0 0 0 0 0 0 0 0 0 0 0 0 0 0 0 0 0 0 0 0 0 0 0 0 0 0 0 0 0 0 0 0 0 0 0 0 0 0 0 0 1 0 0 0 0 0 0 1 0 0 0 0 0 0 0 0 0 0 0 0 0 0 0 0 0 0 0 0 0 0 0 0 0 0 0 0 0 0 0 0 0 0 0 0 0 0 0 0
0 0 0 0 0 0 0 0 0 0 0 0 0 0 0 0 0 0 0 0 0 0 0 0 0 0 0 0 0 0 0 0 0 0 0 0 0 0 0 0 0 0 0 0 0 0 0 0 0 0 0 0 0 0 0 0 0 0 0 0 0 0 0 0 0 0 0 0 1 0 0 0 0 0 0 0 0 0 1 0 0 0 0 0 0 0 0 0 0 0 0 0 0 0 0 0 0 0
0 0 0 0 0 0 0 0 0 0 0 0 0 0 0 0 0 0 0 0 0 0 0 0 0 0 0 0 0 0 0 0 0 0 0 0 0 0 0 0 0 0 0 0 0 0 0 1 1 0 0 0 0 0 0 0 0 0 0 0 0 0 0 0 0 0 0 0 0 0 0 0 0 0 0 0 0 0 0 0 0 0 1 0 0 0 0 0 0 1 0 0 0 0 0 0 0 0
0 0 0 0 0 0 0 0 0 0 0 0 0 1 0 0 0 0 0 0 0 0 0 0 0 0 0 0 0 0 0 0 0 0 0 0 0 0 0 0 0 0 0 0 0 0 0 0 0 0 0 0 0 0 0 0 0 0 0 0 0 0 0 0 0 0 0 0 0 0 0 0 0 0 0 0 0 0 0 0 0 0 0 0 0 0 0 0 0 0 0 0 0 0 0 0 0 0
0 0 0 0 0 0 0 0 0 0 0 0 0 0 0 0 0 0 0 0 0 0 0 0 0 0 0 0 0 0 0 0 0 0 0 0 0 0 0 0 1 0 0 0 0 0 0 0 0 0 0 0 0 0 0 0 0 0 0 0 0 0 0 0 0 0 0 0 0 0 0 0 0 0 0 0 0 0 0 0 0 0 0 0 0 0 0 0 0 0 0 0 1 0 0 0 0 0
0 0 0 0 0 0 1 0 0 0 0 0 0 0 0 0 0 0 0 0 0 0 0 0 0 0 0 0 0 0 0 0 0 0 0 0 0 0 0 0 0 0 0 0 0 0 1 0 0 0 0 0 0 0 0 0 0 0 0 0 0 0 0 0 0 0 0 0 0 0 0 0 0 0 0 0 0 0 0 0 0 0 0 0 0 0 0 0 0 0 0 0 0 1 0 0 0 0
0 0 0 0 0 0 0 0 0 0 0 0 0 0 0 0 0 0 0 0 0 0 0 0 0 0 0 0 0 0 0 0 0 0 0 0 0 0 0 0 0 0 0 0 0 0 0 0 0 0 0 0 0 0 0 0 0 0 0 0 0 0 0 0 0 0 0 0 0 1 0 0 0 0 0 0 0 0 0 0 0 0 0 0 0 0 0 0 0 0 0 0 0 0 0 0 0 0
0 0 0 0 0 0 0 0 0 0 0 0 0 0 0 0 0 0 0 0 0 0 0 0 0 0 0 0 0 0 0 0 0 0 0 0 0 0 0 0 0 0 0 0 0 0 0 0 0 0 0 0 0 0 0 0 0 0 0 0 0 0 0 0 0 0 0 0 0 1 1 0 0 0 0 0 0 0 0 0 1 0 0 0 0 0 0 0 0 0 0 0 0 0 0 0 0 0
0 0 0 0 0 0 0 0 0 0 0 0 0 0 0 0 0 0 0 0 0 0 0 0 0 0 0 0 0 0 0 0 0 0 0 0 0 0 0 0 0 0 0 1 0 0 0 0 0 0 0 0 0 0 0 0 0 0 0 0 0 0 0 1 0 0 0 0 0 0 0 0 0 0 0 0 0 0 0 0 0 0 0 0 0 0 0 0 0 0 0 0 0 0 0 0 0 0
0 0 0 1 0 0 0 0 0 0 0 0 0 0 0 0 0 0 0 0 0 0 0 0 0 0 0 0 0 0 0 0 0 0 0 0 0 0 0 0 0 0 1 0 0 0 0 0 0 0 0 0 0 0 0 0 0 0 0 0 0 0 0 0 0 0 0 0 0 0 0 0 0 0 0 0 0 0 0 0 0 1 0 0 0 0 0 0 0 0 0 0 0 0 0 0 0 0
0 0 0 0 0 0 0 0 0 0 0 0 0 0 0 0 0 0 0 0 0 0 0 0 0 0 0 0 0 0 0 0 0 0 0 0 0 0 0 0 0 0 0 0 0 0 0 0 0 0 0 0 0 0 0 0 0 0 0 0 0 0 0 0 0 0 0 0 0 0 0 0 0 0 0 0 0 0 0 0 0 0 0 0 0 0 0 0 0 0 0 0 0 0 0 0 1 0
0 0 0 0 0 0 0 0 0 0 0 0 0 0 0 0 0 0 0 0 0 0 0 0 0 0 0 0 0 0 0 0 0 0 0 0 0 0 0 0 0 0 0 0 0 0 0 0 0 0 0 0 0 0 0 0 0 0 0 0 0 0 0 0 0 0 0 0 0 0 0 0 0 0 0 0 0 0 0 0 0 1 0 0 0 0 0 0 0 1 0 0 0 0 0 0 0 0
0 0 0 0 0 0 0 0 0 0 0 0 0 0 0 0 0 0 0 0 0 0 0 0 0 0 0 0 0 0 0 0 0 0 0 0 0 0 0 0 0 0 0 0 0 0 0 0 0 0 0 0 0 0 0 0 0 1 0 0 0 0 0 0 0 0 0 0 0 0 0 0 0 0 0 0 0 0 0 0 0 0 0 0 0 0 0 0 0 0 0 1 0 0 0 0 0 0
0 0 0 0 0 0 0 0 0 0 0 0 0 0 0 0 0 0 0 0 0 0 0 0 0 0 0 0 0 0 0 0 0 0 0 0 0 0 0 0 0 0 0 0 0 0 0 0 0 0 0 0 0 0 0 0 1 0 0 0 0 0 0 0 0 0 0 0 0 0 0 0 0 0 0 0 0 0 0 0 0 0 0 0 0 0 0 0 0 0 0 0 0 0 0 0 0 1
0 0 0 0 0 0 0 0 0 1 0 0 0 0 0 0 0 0 0 0 0 0 0 0 0 0 0 0 0 0 0 0 0 0 0 0 0 0 0 0 0 0 0 0 0 0 0 0 0 0 0 0 0 0 0 0 0 0 0 0 0 0 0 0 0 0 0 0 0 0 0 0 0 1 0 0 1 0 0 0 0 0 0 0 0 0 0 0 0 0 0 0 0 0 0 0 0 0
0 0 0 0 0 0 0 0 0 0 0 0 0 0 0 0 0 0 0 0 0 0 0 0 0 0 0 0 0 0 0 0 0 0 0 0 0 0 0 0 0 0 0 0 0 0 0 0 0 0 0 0 0 0 0 1 0 0 0 1 0 0 0 0 0 0 0 0 0 0 0 0 0 1 0 0 0 0 0 0 0 0 0 0 0 0 0 0 1 0 0 0 0 0 0 0 0 0
0 0 0 0 0 0 0 0 0 0 0 0 0 0 0 0 0 0 0 0 0 0 0 0 0 0 0 0 0 0 0 0 0 0 0 0 0 0 1 0 0 0 0 0 0 0 0 0 0 0 0 0 0 0 0 0 0 0 0 0 0 0 0 0 0 0 0 0 0 0 0 0 0 0 0 0 0 0 0 0 0 0 0 0 0 0 0 0 0 0 0 0 0 0 0 0 0 0
0 0 0 0 0 0 0 0 0 0 0 0 0 0 0 0 0 0 0 0 0 0 0 0 0 0 0 0 0 0 0 0 0 0 0 0 0 1 0 0 0 0 0 0 0 0 0 0 0 0 0 0 0 0 0 0 0 0 0 0 0 0 0 0 0 0 0 0 0 0 0 0 0 0 0 0 0 0 0 0 0 0 0 0 0 0 0 0 1 0 0 0 0 0 0 0 1 0
0 0 0 0 0 0 0 0 0 0 0 0 0 0 0 0 0 0 0 0 0 0 0 0 0 0 0 0 0 0 0 0 0 0 0 0 0 0 0 0 0 0 0 0 0 0 0 0 0 0 0 0 0 0 0 0 0 0 0 0 0 0 0 0 0 0 0 0 1 0 0 0 0 0 0 0 0 1 0 0 0 0 0 0 0 0 0 0 0 0 0 0 0 0 0 0 0 0
0 0 0 0 0 0 0 0 0 0 0 0 0 0 0 0 0 0 0 0 0 0 0 0 0 1 0 0 0 0 0 0 0 0 0 0 0 0 0 0 0 0 0 0 0 0 0 0 0 0 0 0 0 0 0 0 0 0 0 0 0 0 0 0 0 0 0 0 0 0 0 0 0 0 0 0 0 0 0 0 0 0 0 0 0 0 0 0 0 0 0 0 0 0 0 0 0 0
0 0 0 0 0 0 0 0 0 0 0 0 0 0 0 0 0 0 0 0 0 0 0 0 0 0 0 0 0 0 0 0 0 0 0 0 0 0 0 0 0 0 0 0 0 0 0 0 0 1 0 0 0 0 0 0 0 0 0 0 0 0 0 0 0 0 0 0 0 0 0 0 0 0 0 0 0 0 0 0 0 0 0 0 0 0 0 0 0 0 0 0 0 0 0 0 0 0
0 0 0 0 0 0 0 0 0 0 0 0 0 0 0 0 0 0 0 0 0 0 0 0 0 0 0 0 0 0 1 0 0 0 0 0 0 0 0 0 0 0 0 0 0 0 0 0 0 0 0 0 0 0 0 0 0 0 0 0 0 0 0 0 0 0 0 0 0 0 0 0 0 0 0 0 0 0 0 0 0 0 0 0 0 0 1 0 0 0 0 0 0 0 0 0 0 0
0 0 0 0 0 0 0 0 0 0 0 0 0 0 1 0 0 0 0 0 0 0 0 0 0 0 0 0 0 1 0 0 0 0 0 0 0 0 0 0 0 0 0 0 0 0 0 0 0 0 0 0 0 0 0 0 0 0 0 0 0 0 0 0 0 0 0 0 0 0 0 0 0 0 0 0 0 0 0 0 0 0 0 0 0 0 0 0 0 0 0 0 0 0 0 0 0 0
0 0 0 0 1 0 0 0 0 0 0 0 0 0 0 0 0 0 0 0 0 0 0 0 0 0 0 0 0 0 0 0 0 0 0 0 0 0 0 0 0 0 0 0 0 0 0 0 0 0 0 0 0 0 0 0 0 0 0 0 0 0 0 0 0 0 0 0 0 0 1 0 0 0 0 0 0 0 0 0 0 0 0 0 0 0 0 0 0 0 0 0 0 0 0 0 0 0
0 0 0 0 0 0 0 0 0 0 0 0 0 0 0 0 0 0 0 0 0 0 0 0 0 0 0 0 0 0 0 0 0 0 0 0 0 0 0 0 0 0 0 0 0 0 0 0 0 0 0 0 0 0 1 0 0 0 0 0 0 0 0 0 0 0 0 0 0 0 0 0 0 0 0 0 0 0 0 0 0 0 0 0 0 0 0 0 0 0 0 0 0 0 0 0 0 0
0 0 0 0 0 0 0 0 0 1 0 0 0 0 0 0 0 0 0 0 0 0 0 0 0 0 1 0 0 0 0 0 0 0 0 0 0 0 0 0 0 0 0 0 0 0 0 0 0 0 0 0 0 0 0 0 0 0 0 0 0 0 0 0 0 0 0 0 0 0 0 0 0 0 0 0 0 0 0 0 0 0 0 0 0 0 0 0 0 0 0 0 0 0 0 0 0 0
0 0 0 0 0 0 0 0 0 0 0 0 0 0 0 0 0 0 0 0 0 0 0 1 0 0 0 0 0 0 0 0 0 0 0 0 0 0 0 0 0 0 0 0 0 0 0 0 0 0 0 0 0 0 0 0 0 0 0 0 0 0 0 0 0 0 0 0 0 0 0 0 0 0 0 0 0 0 0 0 0 0 0 0 0 0 0 0 0 0 0 0 0 0 0 0 0 0
0 0 0 0 0 0 0 0 0 0 0 0 0 0 0 0 0 0 0 0 0 0 0 1 0 0 0 0 0 0 0 0 0 0 0 0 0 0 0 0 0 0 0 0 0 0 0 0 0 0 0 0 0 0 0 0 0 0 0 0 0 0 0 0 0 0 0 0 0 0 0 0 0 0 0 0 0 0 0 0 0 0 0 0 0 0 0 0 0 0 0 0 0 0 0 0 0 0
0 0 0 0 0 0 0 0 0 0 0 0 0 0 0 0 0 0 0 0 0 0 0 0 0 0 0 0 0 0 0 0 0 0 0 0 0 0 0 0 0 1 0 0 0 0 0 0 0 0 0 0 0 0 0 1 0 0 0 0 0 0 0 0 0 0 0 0 0 0 0 0 0 0 0 0 0 0 0 0 0 0 0 0 1 0 0 0 0 0 0 0 0 0 0 0 0 0
0 0 0 0 0 0 0 0 0 0 0 0 0 0 0 0 0 0 0 0 0 1 0 0 0 0 0 0 0 0 0 0 0 0 0 0 0 0 0 0 0 0 0 0 0 0 0 0 0 0 0 0 0 0 1 0 0 0 0 0 0 0 0 0 0 0 0 0 0 0 0 0 0 0 0 0 0 0 0 0 0 0 0 0 0 0 0 0 0 0 0 0 0 0 0 0 0 0
0 0 0 0 0 0 0 0 0 0 0 0 0 0 0 0 0 0 0 0 0 0 0 0 0 0 0 0 0 0 0 0 0 0 0 0 0 0 0 0 0 0 0 0 0 0 0 0 0 0 0 0 0 0 0 0 0 0 0 0 1 0 0 0 0 0 0 0 0 0 0 0 0 0 0 0 0 0 0 0 0 0 0 0 0 0 0 0 0 0 0 0 0 0 0 0 0 0
0 0 0 0 0 0 0 0 0 0 0 0 0 0 0 0 0 0 0 0 0 0 0 0 0 0 0 0 0 0 0 0 0 0 0 0 0 0 0 0 0 0 0 0 0 0 0 0 0 0 0 0 0 0 0 0 1 0 0 0 0 0 0 1 0 0 0 0 0 0 0 0 0 0 0 0 0 0 0 0 0 0 0 0 0 0 0 0 0 0 0 0 0 0 0 0 0 0
0 0 0 0 0 0 0 0 0 0 0 0 0 0 0 0 0 0 0 1 0 0 0 0 0 0 0 0 0 0 0 0 0 0 0 0 0 0 0 0 0 0 0 0 0 0 0 0 0 0 0 0 0 0 0 0 0 0 0 0 0 0 0 0 0 0 0 0 0 0 0 0 0 0 0 0 0 0 0 0 0 0 0 0 0 0 0 0 0 0 0 0 0 0 0 0 0 0
0 0 0 0 0 0 0 0 0 0 0 0 0 0 0 0 0 0 0 0 0 0 0 0 0 0 0 0 0 0 0 0 0 0 0 0 0 0 0 0 0 0 0 0 0 1 0 0 0 0 1 0 0 0 0 0 0 0 0 0 0 0 0 0 0 0 0 0 0 0 0 0 0 0 0 0 0 0 0 0 0 0 0 0 0 0 0 0 0 0 1 0 0 0 0 0 0 0
1 0 0 0 0 0 0 0 1 0 0 0 0 0 0 0 0 0 0 0 0 0 0 0 0 0 0 0 0 0 0 0 0 0 0 0 1 0 0 0 0 0 0 0 0 0 0 0 0 1 0 0 0 0 0 0 0 0 0 0 0 0 1 0 0 0 0 0 0 0 0 0 0 0 0 0 0 0 0 0 0 0 0 0 0 0 0 0 0 0 0 0 0 0 0 0 0 0
1 0 0 0 0 0 0 0 0 0 0 0 0 0 0 0 0 0 0 0 0 0 0 0 0 0 0 0 0 0 0 0 0 0 1 0 0 0 0 0 0 0 0 0 0 0 0 0 0 0 0 0 1 0 0 0 0 0 0 0 0 0 0 0 0 0 0 0 0 0 0 0 0 0 0 0 0 0 0 0 0 0 0 0 0 0 0 0 0 0 0 0 0 0 0 0 0 0
0 0 0 0 0 1 0 0 0 0 0 0 0 0 0 0 0 0 0 0 0 1 0 0 0 0 0 0 0 0 0 0 0 1 0 0 0 0 0 0 0 0 0 0 0 0 0 0 0 0 0 0 0 0 0 0 0 0 0 0 0 0 0 0 0 0 0 0 0 0 0 0 0 0 0 0 0 0 0 0 0 0 0 0 0 0 0 0 0 0 0 0 0 0 0 0 0 0
0 0 0 0 0 0 0 0 0 0 0 0 0 0 0 0 0 0 0 1 0 0 0 0 0 0 0 0 0 0 0 0 0 0 0 0 0 0 0 0 0 0 0 0 0 0 0 0 0 0 0 0 0 0 0 0 0 0 0 0 0 0 0 0 0 0 0 0 0 0 0 0 1 0 0 0 0 0 0 0 0 0 0 0 0 0 0 1 0 0 0 1 0 0 0 0 0 0
0 0 0 0 0 0 0 0 0 0 0 0 0 0 0 0 0 0 0 0 0 0 0 0 0 0 0 0 0 0 0 0 0 0 0 0 1 0 0 0 0 0 0 0 0 0 0 0 0 0 0 0 0 0 0 0 0 0 0 0 0 0 0 0 0 0 0 0 0 0 0 0 0 0 0 0 0 0 0 0 0 0 0 0 0 0 0 0 0 0 0 0 0 0 0 0 0 0
0 0 0 0 0 0 0 0 0 0 0 0 0 0 0 0 0 0 0 0 1 0 0 0 0 0 0 0 0 0 0 0 0 0 0 0 0 0 0 0 0 0 0 0 0 0 0 0 0 0 0 1 0 0 0 0 0 0 0 0 0 0 0 0 0 0 1 0 0 0 0 0 0 0 0 0 0 0 0 0 0 0 0 0 0 0 0 0 0 0 0 0 0 0 0 0 0 0
0 0 0 0 0 0 0 0 0 0 0 0 0 0 0 0 0 0 0 0 0 0 0 0 0 0 0 0 0 0 0 0 0 0 0 0 0 0 0 0 0 0 0 0 0 0 0 0 0 0 0 0 0 0 0 0 0 0 0 0 0 0 0 0 0 0 0 0 0 0 0 0 0 0 0 0 0 0 0 0 0 0 0 0 1 0 0 0 0 0 0 0 0 0 0 0 0 0
0 0 1 0 0 0 0 0 0 0 0 0 0 0 0 0 0 0 0 0 0 0 0 0 0 0 0 0 0 0 0 0 0 0 0 0 0 0 0 0 0 0 0 0 0 0 0 0 0 0 0 0 0 0 0 1 0 0 0 0 0 0 0 0 0 0 0 0 0 0 0 0 0 0 0 0 0 0 0 0 0 0 0 0 0 0 0 0 0 0 0 0 0 0 0 0 0 0
0 0 0 0 0 0 0 0 0 0 0 0 0 0 0 0 0 0 0 0 0 0 0 0 0 0 0 0 0 1 0 0 0 0 0 0 0 0 0 0 0 0 0 0 0 0 0 0 0 0 0 0 1 0 0 0 0 0 0 0 0 0 0 0 0 0 0 0 0 0 0 0 0 0 0 0 0 0 0 1 0 0 0 0 0 0 0 0 0 0 0 0 1 0 1 0 0 0
0 0 0 0 0 0 0 1 0 0 0 0 0 0 0 0 0 0 0 0 0 0 0 0 0 0 0 0 0 0 0 0 0 0 0 0 0 0 0 0 0 0 0 0 0 0 0 0 0 0 0 0 0 0 0 0 0 0 0 0 0 0 0 0 0 0 0 0 1 0 0 0 0 0 0 0 0 0 0 0 0 0 0 0 0 0 0 0 0 0 0 1 0 0 0 0 0 0
0 0 0 0 0 0 0 0 0 0 0 0 0 0 0 0 0 0 0 0 0 0 0 0 0 0 0 0 0 0 0 0 0 0 0 0 0 0 0 0 0 0 0 0 0 0 0 0 0 0 0 0 0 0 0 0 0 0 0 0 0 0 0 0 0 0 0 0 0 0 0 1 0 0 1 0 0 0 0 0 0 0 0 0 0 0 0 0 0 0 0 0 0 0 0 0 0 0
0 0 0 0 0 0 0 0 0 0 0 0 0 0 1 0 0 0 0 0 0 0 0 0 0 0 0 0 0 0 0 0 0 0 0 0 0 0 0 0 0 0 0 0 0 0 0 0 0 0 0 0 0 0 0 0 0 0 0 0 1 0 0 0 0 0 0 0 0 0 0 0 0 0 0 0 0 0 0 0 0 0 0 0 0 0 0 0 0 0 0 0 0 0 0 0 0 0
0 0 0 0 0 0 0 0 0 0 0 0 0 0 0 0 0 0 0 0 0 0 0 0 0 0 0 0 0 0 0 0 0 0 0 0 0 0 0 0 0 0 0 0 0 0 0 0 0 0 0 0 0 0 0 0 0 0 0 0 0 0 0 0 0 0 0 0 0 0 0 0 0 0 0 0 1 0 0 0 0 0 0 0 0 0 0 0 0 0 0 0 0 0 0 0 0 0
0 0 0 0 0 0 0 0 0 0 0 0 0 0 0 0 0 0 0 0 0 0 1 0 0 0 0 0 0 0 0 0 0 0 0 0 0 0 0 1 0 0 0 0 0 0 0 0 0 0 0 0 0 0 0 0 0 0 0 0 0 0 0 0 1 0 0 0 0 0 0 0 0 0 0 0 0 0 0 0 0 0 0 0 0 1 0 0 0 0 0 0 0 0 0 0 0 0
0 0 0 0 0 0 0 0 0 0 0 0 0 0 0 0 0 0 0 0 0 0 0 0 0 0 0 1 1 0 0 0 0 0 0 0 0 0 0 0 0 0 0 0 0 0 0 0 0 0 0 0 0 0 0 0 0 0 0 0 0 0 0 0 0 0 0 0 0 0 0 0 0 0 0 0 0 0 0 0 0 0 0 0 0 0 0 0 0 0 0 0 0 0 0 0 0 0
0 0 0 0 0 0 0 0 0 0 0 0 0 0 0 0 0 0 0 0 0 0 0 0 0 0 0 0 1 0 0 0 0 0 0 0 0 0 0 0 0 0 0 0 1 0 0 0 0 0 0 0 0 0 0 0 0 0 0 0 0 0 0 0 0 0 0 0 0 0 0 0 0 0 0 0 0 0 0 0 0 0 0 0 0 0 0 0 1 0 0 0 0 0 0 0 0 0
0 0 0 0 0 0 0 0 0 0 0 0 0 0 0 0 0 0 0 0 0 0 0 0 0 0 0 0 0 0 0 0 0 0 0 0 0 0 0 0 0 0 0 0 0 0 0 0 0 0 0 0 0 0 0 0 0 0 0 0 0 0 0 0 0 1 0 0 0 0 0 0 0 0 0 0 0 0 0 0 0 0 0 0 0 0 0 0 0 0 0 0 0 0 0 0 0 0
0 0 0 0 0 0 0 0 0 0 0 0 0 0 0 0 0 0 0 0 0 0 0 0 0 0 0 0 0 0 0 0 0 0 0 0 0 0 0 0 0 0 0 0 0 0 0 0 0 0 0 0 0 0 0 0 0 0 1 0 0 0 0 0 0 0 0 0 0 0 0 0 0 0 0 0 0 0 0 0 0 0 0 0 0 0 0 0 0 0 0 0 0 0 0 0 0 0
0 0 0 0 0 0 0 0 0 0 0 1 0 0 0 0 0 0 0 0 0 0 0 0 0 0 0 0 0 0 0 0 0 0 0 1 1 0 0 0 0 0 0 0 0 0 0 0 0 0 0 0 0 0 0 0 0 0 0 0 0 0 0 0 0 0 0 0 0 0 0 0 0 0 0 0 0 0 0 0 0 0 0 0 0 0 0 0 0 0 0 0 0 0 0 0 0 0
1 0 0 0 0 0 0 0 0 0 0 0 0 0 0 0 0 0 0 0 0 0 0 0 0 0 0 0 0 0 0 0 0 0 0 0 0 0 0 0 0 0 0 0 0 0 0 0 0 0 0 0 0 0 0 0 0 0 0 0 0 0 0 0 0 1 0 0 0 0 0 0 0 0 0 0 0 0 0 0 0 0 0 0 0 0 0 0 0 0 0 0 0 0 0 0 0 0
0 0 0 0 0 0 0 0 0 0 0 0 0 0 0 0 0 0 0 0 0 0 0 0 0 0 0 0 0 0 0 0 0 0 0 0 0 0 0 0 0 0 0 0 0 0 0 0 0 0 0 0 0 0 0 0 0 0 0 0 0 0 0 0 0 0 0 0 0 0 0 0 0 0 0 0 0 0 0 1 0 0 0 0 0 0 0 0 0 0 0 0 0 0 0 0 0 0
0 0 0 0 0 0 0 0 0 0 0 0 0 0 0 0 0 0 0 0 0 0 0 0 0 0 0 0 0 0 0 0 0 0 0 1 0 0 0 0 0 0 0 0 0 0 0 0 0 0 0 0 0 0 0 0 0 0 0 0 0 0 0 0 0 0 0 1 0 0 0 0 0 0 0 0 0 0 0 0 0 0 0 0 0 0 0 0 0 0 0 0 0 0 0 0 0 0
0 0 0 0 0 0 0 0 0 0 0 0 0 0 0 0 0 0 0 0 0 0 0 0 0 0 0 0 0 0 0 0 0 0 0 0 0 0 0 1 0 0 0 0 0 0 0 0 0 0 0 0 0 0 0 0 0 0 0 0 0 0 0 0 0 0 0 0 0 0 0 0 0 0 0 0 0 0 0 0 0 0 0 0 0 0 0 0 0 0 0 0 0 0 0 0 0 0
0 0 0 0 0 0 0 0 0 0 0 0 0 0 0 0 0 0 0 0 0 0 1 0 0 0 0 0 0 0 0 0 0 0 0 0 0 0 0 0 0 0 0 0 0 0 0 0 0 0 0 0 0 0 0 0 0 0 0 0 0 0 0 0 0 0 0 0 0 0 0 0 0 0 0 0 0 0 0 0 0 0 0 0 0 0 0 0 0 0 0 0 0 0 0 0 0 0
0 0 0 0 0 0 0 0 0 0 0 0 0 1 0 0 0 0 0 0 0 0 0 0 0 0 0 0 0 0 0 0 0 0 0 0 0 0 0 0 0 0 0 0 0 0 0 0 0 0 0 0 0 0 0 0 0 0 0 0 0 0 0 1 0 0 0 0 0 0 0 0 0 0 0 1 0 0 0 0 0 0 0 0 0 0 0 0 0 0 0 0 0 0 0 0 0 0
0 0 0 0 0 0 0 0 0 0 0 0 0 0 0 0 0 0 0 0 0 0 0 0 0 0 0 0 1 0 0 0 0 0 0 0 0 0 0 0 0 0 0 0 0 0 0 0 0 0 0 0 0 0 0 0 0 0 0 0 0 0 0 0 0 0 0 0 0 0 0 0 0 0 0 0 0 0 0 0 0 0 0 0 0 0 0 0 0 0 0 0 0 0 0 0 0 0
0 0 0 0 0 0 0 0 0 0 0 0 0 0 0 0 0 0 0 0 0 0 0 0 0 0 0 0 0 0 1 0 1 0 0 0 0 0 0 0 0 0 0 0 0 0 0 0 0 0 0 0 0 0 0 0 0 0 0 0 0 0 0 0 0 0 0 0 0 0 0 0 0 0 0 0 0 0 0 0 0 0 0 0 0 0 0 0 0 0 0 0 0 0 0 0 0 0
0 0 0 0 0 0 0 0 0 0 0 0 0 0 0 0 0 0 0 0 0 0 0 1 0 0 0 0 0 0 0 0 0 0 0 0 0 0 0 0 0 0 0 0 0 0 0 0 0 0 0 0 0 0 0 0 0 0 0 0 0 0 0 0 0 0 0 0 0 0 0 0 0 0 0 0 0 0 0 0 0 0 0 0 0 0 0 0 0 0 0 0 0 0 0 0 0 0
0 0 0 0 0 0 1 0 0 0 0 0 0 0 0 0 0 0 0 0 0 0 0 0 0 0 0 0 0 0 0 0 0 0 0 0 0 0 0 0 0 0 0 0 0 0 0 0 0 0 0 0 0 0 0 0 0 0 0 0 0 0 0 0 0 0 0 0 0 0 0 0 0 0 0 0 0 0 0 0 0 0 0 0 0 0 0 0 0 0 0 0 0 0 0 0 0 0
0 0 0 0 0 0 0 0 0 0 0 0 0 0 0 0 0 0 0 0 0 0 0 0 0 0 0 0 0 0 0 0 0 0 0 0 0 0 0 0 0 0 0 0 0 0 0 0 0 1 0 0 0 0 0 0 0 0 0 0 0 1 0 0 0 0 0 0 0 0 0 0 0 0 0 0 0 0 0 0 0 0 0 0 0 0 0 0 0 0 0 0 0 0 0 0 0 0
0 0 0 0 0 0 0 0 0 0 0 0 0 0 0 0 0 0 0 0 0 0 0 0 0 0 0 0 0 0 0 0 0 0 0 0 0 0 0 0 0 0 0 0 0 0 0 0 0 0 0 0 0 0 0 0 0 0 0 0 0 0 0 0 0 0 0 0 1 0 0 0 0 0 0 0 0 0 0 0 0 0 0 0 0 0 0 0 0 0 0 0 0 0 0 0 0 0
0 0 0 0 0 0 0 0 0 0 1 0 0 0 0 0 0 0 0 0 0 0 0 0 0 0 0 0 0 0 0 0 0 0 0 0 0 0 0 0 0 0 1 0 0 0 0 0 0 0 0 0 0 0 0 0 0 0 0 0 0 0 0 0 0 0 0 0 0 0 0 0 0 0 0 0 0 0 0 0 0 0 0 0 0 0 0 0 0 0 0 0 0 0 0 0 0 0
0 0 0 0 0 0 0 0 0 0 0 0 0 0 0 0 0 0 0 0 0 0 0 0 0 0 0 0 0 0 0 0 0 0 0 0 0 0 0 0 0 0 0 0 0 0 0 0 0 0 0 0 0 0 0 0 0 0 1 0 0 0 0 0 0 0 0 0 0 0 0 0 0 0 0 0 0 0 0 0 0 0 0 0 0 0 0 0 0 0 0 0 0 0 0 0 0 0
0 0 0 0 0 0 0 0 0 0 0 0 0 0 0 0 0 0 0 0 0 0 0 0 0 0 0 0 0 0 0 0 0 0 0 0 1 0 1 0 0 0 0 0 0 0 0 0 0 0 0 0 0 0 0 0 0 0 0 0 0 0 0 0 0 0 0 0 0 0 1 0 0 0 0 0 0 0 0 0 0 0 0 0 0 0 0 0 0 0 0 0 0 0 0 0 0 0
0 0 0 0 0 0 0 0 0 0 0 0 0 0 0 0 0 0 0 0 0 0 0 1 0 0 0 0 0 0 0 0 1 0 0 0 0 0 0 0 0 0 0 0 0 0 0 0 0 0 0 0 0 0 0 0 0 0 0 0 0 0 0 0 0 0 0 0 0 0 0 0 0 0 0 0 0 0 0 0 0 0 0 0 0 0 0 0 0 0 0 0 0 0 0 0 0 0
0 0 0 0 0 0 0 0 0 0 0 0 0 0 0 0 0 0 0 0 0 0 0 0 0 0 0 0 0 0 0 0 0 0 0 0 0 0 0 0 0 0 0 0 0 0 0 0 0 0 0 0 0 0 1 0 0 0 0 0 0 0 0 0 0 0 0 0 0 0 0 0 0 0 0 0 0 0 0 0 0 0 0 0 0 0 0 0 0 0 0 0 0 0 0 0 0 0
0 0 0 0 0 0 0 0 0 0 0 0 0 0 0 0 0 0 0 0 0 0 0 0 0 0 0 0 0 0 0 0 0 1 0 0 0 0 0 0 0 0 0 0 0 0 0 0 0 0 0 0 0 0 0 0 0 0 1 0 0 0 0 0 1 0 0 0 0 0 0 0 0 0 0 0 0 0 0 0 0 0 0 0 0 0 0 0 0 0 0 0 0 0 0 0 0 0
0 0 0 0 0 0 0 0 0 0 0 0 0 0 0 0 0 0 0 0 0 0 0 0 0 1 0 0 0 0 0 0 0 0 0 0 0 0 0 0 0 0 0 0 0 0 0 0 0 0 0 0 0 0 0 0 0 0 0 0 0 0 0 1 0 0 0 0 0 0 0 0 0 0 0 0 0 0 0 0 0 0 0 0 0 0 0 0 0 0 0 0 0 0 0 0 0 0
0 0 0 0 0 0 0 0 0 0 0 0 0 0 0 1 0 0 0 0 0 0 0 0 0 0 1 0 0 0 0 0 0 0 0 0 0 0 0 0 0 0 0 0 0 0 0 0 0 0 0 0 0 0 0 0 0 0 0 0 0 0 0 0 0 0 0 0 0 0 0 0 0 0 0 0 0 0 0 0 0 0 0 0 0 0 0 0 0 0 0 0 0 0 0 0 0 0
0 1 0 0 0 0 0 0 0 0 0 0 0 0 0 0 0 0 0 0 0 0 0 0 0 0 0 0 0 0 0 0 0 0 0 0 0 0 0 0 0 0 0 0 0 0 0 0 0 0 0 0 0 0 0 0 0 0 0 0 0 0 0 1 0 0 0 0 0 0 0 0 0 0 0 0 0 0 0 0 0 0 0 0 0 0 0 0 0 0 0 0 0 0 0 0 0 0
0 0 0 0 0 0 0 0 0 0 0 0 0 0 0 0 1 0 0 0 0 0 0 0 0 0 0 0 0 0 0 0 0 0 0 0 0 0 0 0 0 0 0 0 0 0 0 0 0 0 0 0 0 0 0 0 0 0 0 0 0 0 0 0 0 0 0 0 0 0 0 0 0 0 0 0 0 0 0 0 0 0 0 0 0 0 0 0 0 0 0 0 0 0 0 0 0 0
0 0 0 0 0 0 0 0 0 0 0 0 0 0 0 0 0 0 0 0 0 0 0 0 0 0 0 0 0 0 0 1 0 0 0 0 0 0 1 0 0 0 0 0 0 0 0 0 0 0 0 0 0 0 0 0 0 0 0 0 0 0 0 0 0 0 0 0 0 0 0 0 0 0 0 0 0 0 0 0 0 0 0 0 0 0 0 0 0 0 0 0 0 0 0 0 0 0
0 0 0 0 0 0 0 0 0 0 1 0 0 0 0 0 0 0 1 0 0 0 0 0 0 0 0 0 0 0 0 0 0 0 1 0 0 0 0 0 0 0 0 0 0 0 0 0 0 0 0 0 0 0 0 0 0 0 0 0 0 0 0 0 0 0 0 0 0 0 0 0 0 0 0 0 0 0 0 0 0 0 0 0 0 0 0 0 0 0 0 0 0 0 0 0 0 0
500
1 pac 0 org 16 dst 15
5 pac 1 org 63 dst 71
12 pac 2 org 49 dst 41
21 pac 3 org 49 dst 4
21 pac 4 org 73 dst 41
25 pac 5 org 1 dst 19
26 pac 6 org 83 dst 13
29 pac 7 org 33 dst 74
38 pac 8 org 35 dst 4
44 pac 9 org 16 dst 90
48 pac 10 org 32 dst 10
49 pac 11 org 95 dst 43
55 pac 12 org 50 dst 86
63 pac 13 org 8 dst 27
64 pac 14 org 77 dst 58
72 pac 15 org 59 dst 82
74 pac 16 org 88 dst 87
78 pac 17 org 59 dst 23
85 pac 18 org 3 dst 22
90 pac 19 org 73 dst 55
98 pac 20 org 35 dst 27
100 pac 21 org 43 dst 80
100 pac 22 org 27 dst 92
107 pac 23 org 71 dst 45
114 pac 24 org 44 dst 19
121 pac 25 org 5 dst 45
123 pac 26 org 4 dst 5
123 pac 27 org 39 dst 37
130 pac 28 org 49 dst 13
137 pac 29 org 40 dst 84
144 pac 30 org 47 dst 21
151 pac 31 org 46 dst 49
151 pac 32 org 69 dst 17
157 pac 33 org 47 dst 36
166 pac 34 org 85 dst 71
167 pac 35 org 17 dst 97
174 pac 36 org 51 dst 89
183 pac 37 org 0 dst 42
187 pac 38 org 22 dst 24
190 pac 39 org 45 dst 68
193 pac 40 org 3 dst 51
194 pac 41 org 22 dst 24
196 pac 42 org 34 dst 4
197 pac 43 org 76 dst 56
204 pac 44 org 76 dst 15
208 pac 45 org 72 dst 49
216 pac 46 org 80 dst 34
217 pac 47 org 39 dst 16
223 pac 48 org 15 dst 62
230 pac 49 org 28 dst 3
231 pac 50 org 19 dst 31
232 pac 51 org 62 dst 83
235 pac 52 org 8 dst 83
243 pac 53 org 6 dst 10
244 pac 54 org 83 dst 38
244 pac 55 org 93 dst 15
251 pac 56 org 0 dst 1
257 pac 57 org 68 dst 20
262 pac 58 org 19 dst 66
270 pac 59 org 58 dst 21
271 pac 60 org 51 dst 80
275 pac 61 org 73 dst 23
282 pac 62 org 68 dst 50
286 pac 63 org 52 dst 69
286 pac 64 org 4 dst 42
293 pac 65 org 71 dst 78
298 pac 66 org 87 dst 68
298 pac 67 org 53 dst 36
298 pac 68 org 48 dst 78
298 pac 69 org 21 dst 60
299 pac 70 org 8 dst 63
303 pac 71 org 5 dst 77
309 pac 72 org 90 dst 64
318 pac 73 org 9 dst 86
320 pac 74 org 81 dst 64
325 pac 75 org 94 dst 45
330 pac 76 org 11 dst 6
333 pac 77 org 61 dst 51
342 pac 78 org 1 dst 70
342 pac 79 org 40 dst 88
346 pac 80 org 37 dst 71
350 pac 81 org 29 dst 10
359 pac 82 org 54 dst 88
365 pac 83 org 58 dst 50
368 pac 84 org 40 dst 78
369 pac 85 org 48 dst 19
375 pac 86 org 41 dst 92
379 pac 87 org 97 dst 35
385 pac 88 org 51 dst 15
391 pac 89 org 80 dst 2
394 pac 90 org 18 dst 66
395 pac 91 org 1 dst 10
398 pac 92 org 26 dst 78
398 pac 93 org 18 dst 23
399 pac 94 org 47 dst 70
406 pac 95 org 9 dst 68
413 pac 96 org 88 dst 72
417 pac 97 org 79 dst 63
418 pac 98 org 7 dst 32
418 pac 99 org 3 dst 39
418 pac 100 org 92 dst 59
418 pac 101 org 91 dst 75
419 pac 102 org 85 dst 8
422 pac 103 org 43 dst 14
423 pac 104 org 6 dst 33
426 pac 105 org 54 dst 82
430 pac 106 org 82 dst 93
433 pac 107 org 62 dst 13
441 pac 108 org 20 dst 97
444 pac 109 org 24 dst 80
447 pac 110 org 55 dst 81
450 pac 111 org 95 dst 60
458 pac 112 org 48 dst 26
461 pac 113 org 46 dst 89
465 pac 114 org 15 dst 33
467 pac 115 org 41 dst 78
472 pac 116 org 17 dst 21
481 pac 117 org 53 dst 82
488 pac 118 org 44 dst 62
493 pac 119 org 71 dst 85
501 pac 120 org 78 dst 80
510 pac 121 org 65 dst 74
514 pac 122 org 10 dst 41
523 pac 123 org 65 dst 24
524 pac 124 org 96 dst 55
530 pac 125 org 73 dst 71
537 pac 126 org 57 dst 13
546 pac 127 org 37 dst 40
553 pac 128 org 51 dst 16
556 pac 129 org 44 dst 54
563 pac 130 org 37 dst 18
564 pac 131 org 46 dst 95
573 pac 132 org 23 dst 39
581 pac 133 org 40 dst 22
586 pac 134 org 16 dst 97
593 pac 135 org 26 dst 10
600 pac 136 org 69 dst 68
605 pac 137 org 80 dst 13
612 pac 138 org 29 dst 4
617 pac 139 org 61 dst 62
618 pac 140 org 54 dst 8
626 pac 141 org 28 dst 0
634 pac 142 org 52 dst 10
641 pac 143 org 39 dst 3
648 pac 144 org 57 dst 63
657 pac 145 org 36 dst 60
661 pac 146 org 75 dst 87
661 pac 147 org 57 dst 5
668 pac 148 org 94 dst 28
675 pac 149 org 82 dst 96
678 pac 150 org 82 dst 9
682 pac 151 org 51 dst 6
691 pac 152 org 80 dst 42
700 pac 153 org 16 dst 73
708 pac 154 org 16 dst 2
711 pac 155 org 45 dst 60
719 pac 156 org 15 dst 26
722 pac 157 org 36 dst 4
722 pac 158 org 68 dst 88
723 pac 159 org 15 dst 23
730 pac 160 org 73 dst 43
736 pac 161 org 19 dst 26
743 pac 162 org 12 dst 91
750 pac 163 org 26 dst 92
753 pac 164 org 41 dst 18
755 pac 165 org 60 dst 31
760 pac 166 org 26 dst 91
768 pac 167 org 15 dst 74
777 pac 168 org 73 dst 8
783 pac 169 org 96 dst 1
792 pac 170 org 0 dst 63
792 pac 171 org 3 dst 97
797 pac 172 org 79 dst 73
806 pac 173 org 39 dst 85
808 pac 174 org 95 dst 77
817 pac 175 org 54 dst 49
826 pac 176 org 54 dst 52
830 pac 177 org 58 dst 39
832 pac 178 org 56 dst 67
841 pac 179 org 53 dst 24
842 pac 180 org 83 dst 11
847 pac 181 org 97 dst 44
847 pac 182 org 70 dst 61
855 pac 183 org 22 dst 66
857 pac 184 org 17 dst 52
863 pac 185 org 80 dst 32
869 pac 186 org 77 dst 22
871 pac 187 org 9 dst 0
880 pac 188 org 31 dst 55
881 pac 189 org 23 dst 63
890 pac 190 org 74 dst 59
892 pac 191 org 18 dst 19
893 pac 192 org 13 dst 78
898 pac 193 org 86 dst 29
905 pac 194 org 16 dst 10
912 pac 195 org 13 dst 95
917 pac 196 org 63 dst 83
924 pac 197 org 2 dst 60
926 pac 198 org 41 dst 87
926 pac 199 org 47 dst 55
930 pac 200 org 53 dst 36
935 pac 201 org 19 dst 97
937 pac 202 org 73 dst 40
943 pac 203 org 11 dst 36
949 pac 204 org 91 dst 45
951 pac 205 org 8 dst 3
955 pac 206 org 52 dst 5
957 pac 207 org 86 dst 89
957 pac 208 org 19 dst 73
965 pac 209 org 72 dst 21
973 pac 210 org 35 dst 16
978 pac 211 org 0 dst 76
985 pac 212 org 66 dst 31
989 pac 213 org 16 dst 67
992 pac 214 org 92 dst 9
992 pac 215 org 17 dst 4
996 pac 216 org 9 dst 69
1005 pac 217 org 64 dst 39
1008 pac 218 org 66 dst 61
1016 pac 219 org 23 dst 93
1020 pac 220 org 46 dst 78
1022 pac 221 org 62 dst 71
1031 pac 222 org 70 dst 24
1039 pac 223 org 14 dst 51
1039 pac 224 org 85 dst 32
1048 pac 225 org 58 dst 53
1056 pac 226 org 89 dst 76
1058 pac 227 org 38 dst 14
1060 pac 228 org 96 dst 74
1064 pac 229 org 44 dst 10
1064 pac 230 org 35 dst 20
1073 pac 231 org 94 dst 5
1077 pac 232 org 9 dst 90
1082 pac 233 org 64 dst 75
1085 pac 234 org 30 dst 58
1089 pac 235 org 8 dst 68
1096 pac 236 org 76 dst 67
1103 pac 237 org 6 dst 31
1108 pac 238 org 27 dst 3
1108 pac 239 org 48 dst 61
1116 pac 240 org 58 dst 38
1116 pac 241 org 47 dst 7
1120 pac 242 org 28 dst 40
1120 pac 243 org 62 dst 71
1125 pac 244 org 44 dst 93
1125 pac 245 org 52 dst 13
1133 pac 246 org 63 dst 29
1140 pac 247 org 70 dst 28
1141 pac 248 org 75 dst 12
1143 pac 249 org 54 dst 40
1152 pac 250 org 48 dst 10
1152 pac 251 org 35 dst 11
1160 pac 252 org 60 dst 85
1168 pac 253 org 14 dst 23
1173 pac 254 org 27 dst 71
1177 pac 255 org 32 dst 89
1178 pac 256 org 54 dst 25
1186 pac 257 org 33 dst 23
1195 pac 258 org 76 dst 66
1198 pac 259 org 33 dst 71
1202 pac 260 org 33 dst 40
1202 pac 261 org 45 dst 60
1203 pac 262 org 74 dst 57
1207 pac 263 org 47 dst 30
1210 pac 264 org 32 dst 97
1212 pac 265 org 73 dst 30
1212 pac 266 org 68 dst 51
1214 pac 267 org 32 dst 47
1215 pac 268 org 49 dst 13
1222 pac 269 org 53 dst 38
1225 pac 270 org 26 dst 36
1226 pac 271 org 92 dst 7
1235 pac 272 org 33 dst 61
1237 pac 273 org 38 dst 58
1240 pac 274 org 89 dst 42
1241 pac 275 org 51 dst 9
1243 pac 276 org 53 dst 34
1249 pac 277 org 97 dst 65
1257 pac 278 org 34 dst 97
1261 pac 279 org 70 dst 84
1262 pac 280 org 30 dst 8
1264 pac 281 org 60 dst 52
1272 pac 282 org 55 dst 69
1280 pac 283 org 72 dst 36
1284 pac 284 org 97 dst 44
1293 pac 285 org 31 dst 89
1295 pac 286 org 17 dst 73
1300 pac 287 org 78 dst 15
1300 pac 288 org 75 dst 60
1307 pac 289 org 11 dst 83
1307 pac 290 org 63 dst 22
1309 pac 291 org 16 dst 76
1317 pac 292 org 89 dst 81
1318 pac 293 org 72 dst 13
1325 pac 294 org 96 dst 69
1332 pac 295 org 65 dst 55
1334 pac 296 org 70 dst 86
1340 pac 297 org 94 dst 77
1341 pac 298 org 15 dst 28
1342 pac 299 org 60 dst 24
1351 pac 300 org 43 dst 16
1351 pac 301 org 78 dst 0
1357 pac 302 org 31 dst 66
1364 pac 303 org 7 dst 30
1365 pac 304 org 17 dst 67
1374 pac 305 org 62 dst 12
1381 pac 306 org 82 dst 23
1387 pac 307 org 88 dst 54
1387 pac 308 org 22 dst 36
1394 pac 309 org 58 dst 61
1403 pac 310 org 31 dst 39
1403 pac 311 org 54 dst 10
1412 pac 312 org 1 dst 17
1415 pac 313 org 95 dst 15
1420 pac 314 org 17 dst 54
1425 pac 315 org 18 dst 36
1430 pac 316 org 38 dst 84
1435 pac 317 org 63 dst 73
1443 pac 318 org 36 dst 31
1447 pac 319 org 34 dst 58
1451 pac 320 org 54 dst 87
1459 pac 321 org 82 dst 33
1461 pac 322 org 58 dst 91
1465 pac 323 org 96 dst 89
1468 pac 324 org 53 dst 97
1471 pac 325 org 4 dst 44
1472 pac 326 org 76 dst 88
1479 pac 327 org 70 dst 48
1487 pac 328 org 87 dst 43
1490 pac 329 org 0 dst 68
1493 pac 330 org 53 dst 28
1497 pac 331 org 69 dst 2
1503 pac 332 org 81 dst 64
1507 pac 333 org 75 dst 53
1516 pac 334 org 60 dst 52
1520 pac 335 org 54 dst 11
1529 pac 336 org 30 dst 49
1532 pac 337 org 42 dst 95
1539 pac 338 org 59 dst 4
1547 pac 339 org 76 dst 16
1552 pac 340 org 87 dst 41
1560 pac 341 org 40 dst 89
1563 pac 342 org 42 dst 52
1564 pac 343 org 15 dst 14
1565 pac 344 org 22 dst 47
1566 pac 345 org 58 dst 56
1567 pac 346 org 81 dst 34
1569 pac 347 org 94 dst 93
1573 pac 348 org 19 dst 22
1579 pac 349 org 15 dst 38
1583 pac 350 org 78 dst 52
1591 pac 351 org 92 dst 75
1595 pac 352 org 56 dst 11
1603 pac 353 org 63 dst 33
1607 pac 354 org 70 dst 73
1610 pac 355 org 35 dst 80
1610 pac 356 org 73 dst 89
1615 pac 357 org 20 dst 58
1616 pac 358 org 27 dst 49
1625 pac 359 org 95 dst 66
1630 pac 360 org 74 dst 34
1638 pac 361 org 61 dst 83
1641 pac 362 org 50 dst 95
1645 pac 363 org 89 dst 49
1647 pac 364 org 88 dst 75
1655 pac 365 org 6 dst 23
1657 pac 366 org 42 dst 47
1663 pac 367 org 60 dst 23
1667 pac 368 org 51 dst 54
1667 pac 369 org 32 dst 16
1673 pac 370 org 29 dst 86
1682 pac 371 org 50 dst 58
1688 pac 372 org 52 dst 0
1696 pac 373 org 50 dst 15
1704 pac 374 org 73 dst 55
1707 pac 375 org 75 dst 44
1707 pac 376 org 7 dst 49
1715 pac 377 org 77 dst 16
1723 pac 378 org 1 dst 37
1727 pac 379 org 62 dst 48
1727 pac 380 org 31 dst 7
1727 pac 381 org 8 dst 5
1727 pac 382 org 11 dst 91
1736 pac 383 org 91 dst 33
1742 pac 384 org 71 dst 94
1749 pac 385 org 6 dst 28
1749 pac 386 org 94 dst 96
1757 pac 387 org 83 dst 61
1763 pac 388 org 89 dst 58
1765 pac 389 org 38 dst 84
1772 pac 390 org 72 dst 77
1779 pac 391 org 17 dst 46
1784 pac 392 org 60 dst 67
1788 pac 393 org 76 dst 89
1790 pac 394 org 79 dst 13
1794 pac 395 org 22 dst 95
1799 pac 396 org 12 dst 76
1799 pac 397 org 36 dst 53
1808 pac 398 org 85 dst 64
1816 pac 399 org 72 dst 26
1822 pac 400 org 61 dst 42
1828 pac 401 org 13 dst 61
1831 pac 402 org 97 dst 30
1839 pac 403 org 33 dst 31
1840 pac 404 org 46 dst 31
1848 pac 405 org 25 dst 23
1856 pac 406 org 18 dst 37
1859 pac 407 org 50 dst 22
1860 pac 408 org 34 dst 6
1868 pac 409 org 3 dst 81
1871 pac 410 org 32 dst 56
1874 pac 411 org 48 dst 83
1878 pac 412 org 3 dst 29
1886 pac 413 org 42 dst 60
1888 pac 414 org 53 dst 69
1897 pac 415 org 38 dst 0
1905 pac 416 org 76 dst 94
1905 pac 417 org 43 dst 79
1909 pac 418 org 65 dst 24
1916 pac 419 org 31 dst 9
1920 pac 420 org 24 dst 17
1921 pac 421 org 17 dst 20
1921 pac 422 org 66 dst 51
1930 pac 423 org 74 dst 36
1930 pac 424 org 41 dst 69
1938 pac 425 org 52 dst 5
1946 pac 426 org 74 dst 2
1954 pac 427 org 59 dst 49
1957 pac 428 org 42 dst 36
1966 pac 429 org 83 dst 32
1970 pac 430 org 23 dst 2
1973 pac 431 org 62 dst 45
1978 pac 432 org 67 dst 70
1984 pac 433 org 65 dst 29
1989 pac 434 org 44 dst 27
1991 pac 435 org 15 dst 13
2000 pac 436 org 37 dst 72
2004 pac 437 org 85 dst 26
2013 pac 438 org 11 dst 29
2017 pac 439 org 66 dst 4
2020 pac 440 org 93 dst 43
2021 pac 441 org 0 dst 38
2023 pac 442 org 25 dst 49
2029 pac 443 org 93 dst 65
2038 pac 444 org 3 dst 43
2045 pac 445 org 21 dst 43
2048 pac 446 org 20 dst 34
2049 pac 447 org 92 dst 1
2049 pac 448 org 60 dst 35
2055 pac 449 org 43 dst 60
2064 pac 450 org 91 dst 70
2073 pac 451 org 33 dst 81
2079 pac 452 org 45 dst 89
2083 pac 453 org 31 dst 79
2089 pac 454 org 51 dst 4
2096 pac 455 org 7 dst 5
2099 pac 456 org 30 dst 93
2099 pac 457 org 23 dst 5
2106 pac 458 org 95 dst 22
2107 pac 459 org 19 dst 40
2112 pac 460 org 84 dst 44
2112 pac 461 org 86 dst 16
2112 pac 462 org 70 dst 14
2120 pac 463 org 3 dst 63
2129 pac 464 org 49 dst 75
2133 pac 465 org 51 dst 76
2135 pac 466 org 82 dst 78
2137 pac 467 org 19 dst 61
2144 pac 468 org 79 dst 94
2147 pac 469 org 27 dst 42
2153 pac 470 org 86 dst 40
2156 pac 471 org 19 dst 68
2156 pac 472 org 63 dst 11
2162 pac 473 org 31 dst 69
2163 pac 474 org 77 dst 52
2172 pac 475 org 54 dst 57
2181 pac 476 org 1 dst 85
2186 pac 477 org 4 dst 60
2189 pac 478 org 64 dst 88
2193 pac 479 org 52 dst 25
2199 pac 480 org 22 dst 74
2201 pac 481 org 78 dst 67
2202 pac 482 org 52 dst 42
2203 pac 483 org 82 dst 55
2203 pac 484 org 72 dst 80
2208 pac 485 org 76 dst 31
2213 pac 486 org 95 dst 35
2220 pac 487 org 34 dst 37
2226 pac 488 org 75 dst 1
2226 pac 489 org 73 dst 49
2234 pac 490 org 20 dst 40
2238 pac 491 org 63 dst 88
2245 pac 492 org 41 dst 36
2246 pac 493 org 9 dst 50
2248 pac 494 org 2 dst 35
2254 pac 495 org 51 dst 78
2258 pac 496 org 70 dst 6
2260 pac 497 org 86 dst 67
2264 pac 498 org 67 dst 29
2273 pac 499 org 32 dst 80
