5
20
100
1
84
0 0 0 0 0 0 0 0 0 0 0 0 0 0 0 0 0 0 0 0 0 0 0 0 0 0 0 0 0 0 0 0 0 0 0 0 0 0 0 0 0 0 0 0 0 0 0 1 1 0 0 0 0 0 0 0 0 0 0 0 0 0 0 0 1 0 0 0 0 0 0 0 0 0 0 0 0 0 0 0 0 0 0 0
0 0 0 0 0 0 0 0 0 0 0 0 0 0 0 0 0 0 0 0 0 0 0 0 0 0 0 0 0 0 0 0 0 0 0 0 0 0 0 0 0 0 0 0 0 0 0 0 0 0 0 0 0 1 0 0 0 0 0 0 0 0 0 0 0 0 0 0 0 0 0 0 0 0 0 0 0 0 0 0 1 0 0 0
0 0 0 0 0 0 0 0 0 0 0 0 0 0 0 0 0 0 0 0 0 0 0 0 0 0 1 0 0 0 0 0 0 0 0 0 0 0 0 0 0 0 0 0 0 0 0 0 0 0 0 0 0 0 0 0 0 0 0 0 0 0 0 0 0 0 0 0 0 0 0 0 0 0 0 0 0 0 0 0 0 0 0 0
0 0 0 0 0 0 0 0 0 0 0 0 0 0 0 0 0 0 0 0 0 0 0 0 0 0 0 0 0 0 0 0 0 0 0 0 0 0 1 0 0 0 0 0 0 0 0 0 0 0 0 0 0 0 0 0 0 0 0 0 0 0 0 0 0 0 0 0 0 0 0 0 0 0 0 0 0 0 0 0 0 0 0 0
0 0 0 0 0 0 0 0 0 0 0 0 0 0 0 0 0 0 0 0 0 0 0 0 0 0 0 0 0 0 0 0 0 0 0 0 0 0 0 0 0 0 0 0 0 0 1 0 0 0 0 0 0 0 0 0 0 0 0 0 0 0 0 0 0 0 0 0 0 0 0 0 0 0 0 0 0 0 0 0 0 0 0 0
0 0 0 0 0 0 0 0 0 0 0 1 0 0 0 0 0 0 0 0 0 0 0 0 0 0 0 0 0 0 0 0 0 0 0 0 0 0 0 0 0 0 0 0 0 0 0 0 0 0 0 0 0 0 0 0 0 0 0 0 0 0 0 0 0 0 0 0 0 0 0 1 0 0 0 0 0 0 0 0 0 0 0 0
0 0 0 0 0 0 0 0 0 0 0 0 0 0 0 0 0 0 0 0 0 0 0 0 0 0 0 0 0 0 0 0 0 0 0 0 0 0 0 0 0 0 0 0 0 0 0 1 0 0 0 0 0 0 0 1 0 0 0 0 0 0 0 0 0 0 0 0 0 0 0 0 0 0 0 0 0 0 0 0 0 0 0 0
0 0 0 0 0 0 0 0 0 0 0 0 0 0 0 0 0 1 0 0 0 0 0 0 0 0 0 0 0 0 0 0 0 0 0 0 0 0 0 0 0 0 0 0 0 0 0 0 0 0 0 0 0 0 0 0 0 0 0 0 0 0 0 0 0 0 0 0 0 0 0 0 0 0 0 0 0 0 0 0 0 0 0 0
0 0 0 0 0 0 0 0 0 0 0 0 0 0 0 0 0 0 0 0 0 0 0 0 0 0 0 0 0 0 0 0 0 0 0 0 0 0 0 0 1 0 0 0 0 0 0 0 0 0 0 0 0 0 0 0 0 0 0 0 0 0 0 0 0 0 0 0 0 0 0 0 0 0 0 0 0 0 0 0 0 0 0 0
0 0 0 0 0 0 0 0 0 0 0 0 0 0 0 0 0 0 0 0 0 0 0 0 0 0 0 0 0 0 0 0 0 0 0 0 0 0 0 0 0 0 0 0 0 0 0 0 0 0 0 0 0 0 0 0 0 0 0 0 0 0 0 1 0 0 0 0 0 0 0 0 0 0 1 0 0 0 0 0 0 0 0 0
0 0 0 0 0 0 0 0 0 0 0 0 0 0 1 0 0 0 0 0 0 0 0 0 0 0 0 0 0 0 0 0 0 0 0 0 0 0 0 0 0 0 0 0 0 0 0 0 0 0 0 0 0 0 0 0 0 0 0 0 0 0 1 0 0 0 0 0 0 0 0 0 0 0 0 0 0 0 0 0 0 0 0 0
0 0 0 0 0 1 0 0 0 0 0 0 0 0 0 0 0 0 0 0 0 1 0 0 0 0 0 0 0 0 0 0 0 0 0 0 0 0 0 0 0 0 0 0 0 0 0 0 0 0 0 0 0 0 0 0 0 0 0 0 0 0 0 0 0 0 0 1 0 0 0 0 0 0 0 0 0 0 0 0 0 0 0 0
0 0 0 0 0 0 0 0 0 0 0 0 0 0 0 0 0 0 0 0 0 0 0 0 0 0 0 0 0 0 0 0 0 0 0 0 0 0 0 0 0 0 0 0 0 0 0 0 0 0 0 0 0 0 0 0 0 1 0 0 0 0 0 0 0 0 0 0 0 0 0 0 0 0 0 0 0 0 0 1 0 0 0 0
0 0 0 0 0 0 0 0 0 0 0 0 0 0 0 0 0 0 0 0 0 0 0 1 0 0 0 0 0 0 0 0 0 0 0 0 0 0 0 0 0 0 0 0 0 0 0 0 0 0 0 0 0 0 0 0 0 0 0 0 0 0 0 0 0 0 0 0 0 0 0 0 0 0 0 0 0 0 0 0 0 0 0 0
0 0 0 0 0 0 0 0 0 0 1 0 0 0 0 0 0 0 0 0 0 0 0 0 0 0 0 0 0 0 0 0 0 0 0 0 0 0 0 0 0 0 0 0 0 0 0 0 0 0 0 0 0 0 0 0 0 0 0 0 0 0 0 0 0 0 0 0 0 0 0 0 0 0 0 0 0 0 0 0 0 1 0 0
0 0 0 0 0 0 0 0 0 0 0 0 0 0 0 0 0 1 0 0 0 0 0 0 0 0 0 0 0 0 0 0 0 0 0 0 0 0 0 0 0 0 0 0 0 0 0 0 0 0 0 0 0 0 0 0 0 0 0 0 0 0 0 0 0 0 0 0 0 0 0 0 0 0 0 0 0 0 0 0 0 0 0 1
0 0 0 0 0 0 0 0 0 0 0 0 0 0 0 0 0 0 0 0 0 0 0 0 0 0 0 0 0 0 0 0 0 0 0 0 0 0 0 0 0 0 0 0 0 1 0 0 0 1 0 0 0 0 0 0 0 0 0 0 0 0 0 0 0 0 0 0 0 0 0 0 0 0 0 0 0 0 0 0 0 0 0 0
0 0 0 0 0 0 0 1 0 0 0 0 0 0 0 1 0 0 0 0 0 0 0 0 0 0 0 0 0 0 0 0 0 0 0 0 0 0 0 0 0 0 0 0 0 0 0 0 0 0 0 0 1 0 0 0 0 0 0 0 0 0 0 0 0 0 0 0 0 0 0 0 0 0 0 0 0 0 0 0 0 0 0 0
0 0 0 0 0 0 0 0 0 0 0 0 0 0 0 0 0 0 0 0 0 0 0 0 0 0 0 0 0 0 0 0 0 0 0 0 0 0 0 0 0 0 0 1 0 0 0 0 0 1 0 0 0 0 0 0 0 0 0 0 0 0 0 0 0 0 0 0 0 0 0 0 0 0 0 0 0 0 0 0 0 0 0 0
0 0 0 0 0 0 0 0 0 0 0 0 0 0 0 0 0 0 0 0 0 0 0 0 0 0 0 0 0 0 0 0 0 0 0 0 0 0 0 0 0 0 0 0 0 0 0 0 0 0 0 0 0 0 0 0 0 0 1 0 0 0 0 0 0 0 0 1 0 0 0 0 0 0 0 0 0 0 0 0 0 0 0 0
0 0 0 0 0 0 0 0 0 0 0 0 0 0 0 0 0 0 0 0 0 0 0 0 0 0 0 0 0 0 0 0 0 0 0 0 0 0 0 0 0 1 0 0 0 0 0 0 0 0 0 0 0 0 0 0 0 0 0 0 0 0 0 0 0 0 0 0 0 0 0 0 0 0 0 0 1 0 0 0 0 0 0 0
0 0 0 0 0 0 0 0 0 0 0 1 0 0 0 0 0 0 0 0 0 0 0 0 0 0 0 0 0 0 0 0 0 0 0 0 0 0 0 0 0 0 0 0 0 0 0 0 0 0 0 0 0 0 0 0 0 0 0 0 0 0 0 0 0 0 0 0 0 0 0 0 0 0 0 0 0 0 1 0 0 0 0 0
0 0 0 0 0 0 0 0 0 0 0 0 0 0 0 0 0 0 0 0 0 0 0 0 0 0 0 0 0 0 0 0 0 0 1 0 0 0 0 1 0 0 0 0 0 0 0 0 0 0 0 0 0 0 0 0 0 0 0 0 0 0 0 0 0 0 0 0 0 0 0 0 0 0 0 0 0 0 0 0 1 0 0 0
0 0 0 0 0 0 0 0 0 0 0 0 0 1 0 0 0 0 0 0 0 0 0 0 0 0 0 0 0 0 0 0 0 0 0 0 0 0 0 0 0 0 0 0 0 0 0 0 0 0 0 0 0 0 0 0 0 0 0 1 0 0 0 0 0 0 0 0 0 0 0 0 0 0 0 0 0 0 0 0 0 0 0 0
0 0 0 0 0 0 0 0 0 0 0 0 0 0 0 0 0 0 0 0 0 0 0 0 0 0 0 0 0 0 0 0 0 0 0 0 0 1 0 0 0 0 0 0 0 0 0 0 0 0 0 0 0 0 1 0 0 0 0 0 1 0 0 0 0 0 0 0 0 0 0 0 0 0 0 0 0 0 0 0 0 0 0 0
0 0 0 0 0 0 0 0 0 0 0 0 0 0 0 0 0 0 0 0 0 0 0 0 0 0 0 0 0 0 0 0 0 0 0 0 0 0 0 0 0 0 0 0 0 0 0 0 0 0 0 0 0 0 0 0 1 0 0 0 0 0 0 0 0 0 0 0 0 0 0 0 0 0 0 0 0 0 0 0 0 0 0 0
0 0 1 0 0 0 0 0 0 0 0 0 0 0 0 0 0 0 0 0 0 0 0 0 0 0 0 0 0 0 0 0 0 0 0 0 1 0 0 0 0 0 0 0 0 0 0 0 0 0 0 0 0 0 0 0 0 0 0 0 0 0 0 0 0 0 0 0 0 1 0 0 0 0 0 0 0 0 0 0 0 0 1 0
0 0 0 0 0 0 0 0 0 0 0 0 0 0 0 0 0 0 0 0 0 0 0 0 0 0 0 0 0 0 0 0 0 0 0 0 0 0 0 0 0 0 0 0 0 0 0 0 0 0 0 0 0 0 0 0 0 0 0 0 0 0 0 0 0 0 0 0 0 0 0 0 0 0 0 0 1 0 0 0 0 0 0 0
0 0 0 0 0 0 0 0 0 0 0 0 0 0 0 0 0 0 0 0 0 0 0 0 0 0 0 0 0 0 0 0 0 0 0 0 0 0 0 0 0 0 0 0 0 0 0 0 0 1 0 0 0 0 0 0 0 0 0 0 0 0 0 0 0 0 0 0 0 0 1 0 0 0 0 0 0 0 1 0 0 0 0 0
0 0 0 0 0 0 0 0 0 0 0 0 0 0 0 0 0 0 0 0 0 0 0 0 0 0 0 0 0 0 0 0 0 0 0 0 0 0 0 0 0 0 0 0 1 0 0 0 1 0 0 0 0 0 0 0 0 0 0 0 0 0 0 0 0 0 0 0 0 0 0 0 0 0 0 0 0 0 0 0 0 0 0 1
0 0 0 0 0 0 0 0 0 0 0 0 0 0 0 0 0 0 0 0 0 0 0 0 0 0 0 0 0 0 0 0 0 0 0 0 0 0 0 0 0 0 0 0 0 0 0 0 0 0 0 0 0 0 0 0 0 0 0 0 0 0 1 1 0 0 0 0 0 0 0 0 0 0 0 1 0 0 0 0 0 0 0 0
0 0 0 0 0 0 0 0 0 0 0 0 0 0 0 0 0 0 0 0 0 0 0 0 0 0 0 0 0 0 0 0 0 0 0 0 0 0 0 0 0 0 0 0 0 0 0 1 0 0 1 0 0 0 0 0 0 0 0 0 0 0 0 0 0 0 0 0 0 0 0 0 0 0 0 0 0 0 0 0 0 0 0 0
0 0 0 0 0 0 0 0 0 0 0 0 0 0 0 0 0 0 0 0 0 0 0 0 0 0 0 0 0 0 0 0 0 0 0 0 0 0 0 0 0 0 0 0 0 0 0 0 0 0 0 0 0 0 0 0 0 0 0 0 0 0 0 0 0 0 1 0 0 0 0 0 0 0 0 0 0 0 0 0 0 0 1 0
0 0 0 0 0 0 0 0 0 0 0 0 0 0 0 0 0 0 0 0 0 0 0 0 0 0 0 0 0 0 0 0 0 0 0 0 0 0 0 0 0 0 0 0 0 0 0 0 0 0 0 0 0 0 0 0 0 0 0 0 0 0 0 0 0 0 0 0 0 0 0 0 0 0 0 1 0 0 0 0 0 0 0 0
0 0 0 0 0 0 0 0 0 0 0 0 0 0 0 0 0 0 0 0 0 0 1 0 0 0 0 0 0 0 0 0 0 0 0 0 0 0 0 0 0 0 0 0 0 0 0 0 0 0 0 0 0 0 0 0 0 0 0 0 0 0 0 0 0 0 0 0 0 0 0 0 0 0 0 0 0 0 0 0 0 0 0 0
0 0 0 0 0 0 0 0 0 0 0 0 0 0 0 0 0 0 0 0 0 0 0 0 0 0 0 0 0 0 0 0 0 0 0 0 0 0 0 0 0 0 1 0 0 0 0 0 0 0 0 0 0 0 0 0 0 0 0 0 0 0 0 0 0 0 0 0 0 0 0 0 0 0 0 0 0 0 0 0 0 0 0 0
0 0 0 0 0 0 0 0 0 0 0 0 0 0 0 0 0 0 0 0 0 0 0 0 0 0 1 0 0 0 0 0 0 0 0 0 0 0 0 0 0 0 0 0 0 0 0 0 0 0 0 0 0 0 0 0 0 0 0 0 0 0 0 0 0 0 0 0 0 0 0 0 0 0 0 0 0 0 0 0 0 0 0 0
0 0 0 0 0 0 0 0 0 0 0 0 0 0 0 0 0 0 0 0 0 0 0 0 1 0 0 0 0 0 0 0 0 0 0 0 0 0 0 0 0 0 0 0 0 0 0 0 0 0 0 0 0 0 0 0 0 0 0 0 0 0 0 0 0 0 0 0 0 0 0 0 0 0 0 0 0 0 0 0 0 0 0 0
0 0 0 1 0 0 0 0 0 0 0 0 0 0 0 0 0 0 0 0 0 0 0 0 0 0 0 0 0 0 0 0 0 0 0 0 0 0 0 0 0 0 0 0 0 0 0 0 0 0 0 0 0 0 0 0 0 0 0 0 1 0 0 0 0 0 0 0 0 0 0 0 0 0 0 0 0 0 0 0 0 0 0 0
0 0 0 0 0 0 0 0 0 0 0 0 0 0 0 0 0 0 0 0 0 0 1 0 0 0 0 0 0 0 0 0 0 0 0 0 0 0 0 0 0 0 0 0 0 0 0 0 0 0 0 0 0 0 0 0 0 0 0 0 0 0 0 0 0 0 0 0 0 0 0 0 0 0 0 0 0 0 0 0 0 0 0 0
0 0 0 0 0 0 0 0 1 0 0 0 0 0 0 0 0 0 0 0 0 0 0 0 0 0 0 0 0 0 0 0 0 0 0 0 0 0 0 0 0 0 0 0 0 0 0 0 0 0 0 0 0 0 0 0 0 0 0 0 0 0 0 0 0 0 0 0 0 0 0 0 0 0 0 0 0 0 1 0 0 0 0 0
0 0 0 0 0 0 0 0 0 0 0 0 0 0 0 0 0 0 0 0 1 0 0 0 0 0 0 0 0 0 0 0 0 0 0 0 0 0 0 0 0 0 0 0 0 0 0 0 0 0 0 0 0 0 0 0 0 0 0 0 0 0 0 0 0 0 0 0 0 0 0 0 0 0 0 0 0 0 0 0 0 0 0 0
0 0 0 0 0 0 0 0 0 0 0 0 0 0 0 0 0 0 0 0 0 0 0 0 0 0 0 0 0 0 0 0 0 0 0 1 0 0 0 0 0 0 0 0 0 0 0 1 0 0 0 0 0 0 0 0 0 0 0 0 0 0 0 0 0 0 0 0 0 0 0 0 0 0 0 0 0 0 0 0 0 0 0 0
0 0 0 0 0 0 0 0 0 0 0 0 0 0 0 0 0 0 1 0 0 0 0 0 0 0 0 0 0 0 0 0 0 0 0 0 0 0 0 0 0 0 0 0 0 0 1 0 0 0 0 0 0 0 0 0 0 0 0 0 0 0 0 0 0 0 0 0 0 0 0 0 0 0 0 0 0 0 0 0 0 0 0 0
0 0 0 0 0 0 0 0 0 0 0 0 0 0 0 0 0 0 0 0 0 0 0 0 0 0 0 0 0 1 0 0 0 0 0 0 0 0 0 0 0 0 0 0 0 0 0 0 0 0 0 1 0 0 0 0 0 0 0 0 0 0 0 0 0 0 0 0 0 0 0 0 0 0 0 0 0 0 0 0 0 0 0 0
0 0 0 0 0 0 0 0 0 0 0 0 0 0 0 0 1 0 0 0 0 0 0 0 0 0 0 0 0 0 0 0 0 0 0 0 0 0 0 0 0 0 0 0 0 0 0 0 0 0 0 0 0 0 1 0 0 0 0 0 0 0 0 0 0 0 0 0 0 0 0 0 0 0 0 0 0 0 0 0 0 0 0 0
0 0 0 0 1 0 0 0 0 0 0 0 0 0 0 0 0 0 0 0 0 0 0 0 0 0 0 0 0 0 0 0 0 0 0 0 0 0 0 0 0 0 0 1 0 0 0 0 0 0 0 0 0 0 0 0 0 0 0 0 0 0 0 0 0 0 0 0 0 0 0 0 0 0 0 0 0 1 0 0 0 0 0 0
1 0 0 0 0 0 1 0 0 0 0 0 0 0 0 0 0 0 0 0 0 0 0 0 0 0 0 0 0 0 0 1 0 0 0 0 0 0 0 0 0 0 1 0 0 0 0 0 0 0 0 0 0 0 0 0 0 0 0 0 0 0 0 0 0 0 0 0 0 0 0 0 0 0 0 0 0 0 0 0 0 0 1 0
1 0 0 0 0 0 0 0 0 0 0 0 0 0 0 0 0 0 0 0 0 0 0 0 0 0 0 0 0 1 0 0 0 0 0 0 0 0 0 0 0 0 0 0 0 0 0 0 0 0 0 0 0 0 0 0 0 0 0 0 0 0 0 0 0 0 0 0 0 0 0 0 0 0 0 0 0 0 0 0 0 0 0 0
0 0 0 0 0 0 0 0 0 0 0 0 0 0 0 0 1 0 1 0 0 0 0 0 0 0 0 0 1 0 0 0 0 0 0 0 0 0 0 0 0 0 0 0 0 0 0 0 0 0 0 0 0 0 0 0 0 0 0 0 0 0 0 0 0 0 0 0 0 0 0 0 0 0 1 0 0 0 0 0 0 0 0 0
0 0 0 0 0 0 0 0 0 0 0 0 0 0 0 0 0 0 0 0 0 0 0 0 0 0 0 0 0 0 0 1 0 0 0 0 0 0 0 0 0 0 0 0 0 0 0 0 0 0 0 0 0 0 0 0 0 0 0 0 0 0 0 0 0 0 0 0 0 0 0 0 0 0 0 0 0 0 0 0 0 0 0 0
0 0 0 0 0 0 0 0 0 0 0 0 0 0 0 0 0 0 0 0 0 0 0 0 0 0 0 0 0 0 0 0 0 0 0 0 0 0 0 0 0 0 0 0 1 0 0 0 0 0 0 0 0 0 0 0 0 0 0 0 0 0 0 0 0 0 0 0 0 0 0 0 0 0 0 0 0 0 0 0 0 0 0 0
0 0 0 0 0 0 0 0 0 0 0 0 0 0 0 0 0 1 0 0 0 0 0 0 0 0 0 0 0 0 0 0 0 0 0 0 0 0 0 0 0 0 0 0 0 0 0 0 0 0 0 0 0 0 0 0 0 0 0 0 0 0 0 0 0 0 0 0 0 0 0 0 1 0 0 0 0 0 0 0 0 0 0 0
0 1 0 0 0 0 0 0 0 0 0 0 0 0 0 0 0 0 0 0 0 0 0 0 0 0 0 0 0 0 0 0 0 0 0 0 0 0 0 0 0 0 0 0 0 0 0 0 0 0 0 0 0 0 0 0 0 0 0 0 0 0 0 0 0 0 0 0 0 0 0 0 0 0 0 0 0 0 0 0 0 0 0 0
0 0 0 0 0 0 0 0 0 0 0 0 0 0 0 0 0 0 0 0 0 0 0 0 1 0 0 0 0 0 0 0 0 0 0 0 0 0 0 0 0 0 0 0 0 1 0 0 0 0 0 0 0 0 0 0 0 0 0 0 0 0 0 0 0 0 0 0 1 0 0 0 0 0 0 0 0 0 0 1 1 0 0 0
0 0 0 0 0 0 1 0 0 0 0 0 0 0 0 0 0 0 0 0 0 0 0 0 0 0 0 0 0 0 0 0 0 0 0 0 0 0 0 0 0 0 0 0 0 0 0 0 0 0 0 0 0 0 0 0 0 0 0 1 0 1 0 0 0 0 0 0 0 0 0 0 0 0 0 0 0 0 1 0 0 0 0 0
0 0 0 0 0 0 0 0 0 0 0 0 0 0 0 0 0 0 0 0 0 0 0 0 0 1 0 0 0 0 0 0 0 0 0 0 0 0 0 0 0 0 0 0 0 0 0 0 0 0 0 0 0 0 0 0 0 0 0 0 0 0 0 1 0 0 0 0 0 0 0 0 0 0 0 0 0 0 0 0 0 0 0 0
0 0 0 0 0 0 0 0 0 0 0 0 1 0 0 0 0 0 0 0 0 0 0 0 0 0 0 0 0 0 0 0 0 0 0 0 0 0 0 0 0 0 0 0 0 0 0 0 0 0 0 0 0 0 0 0 0 0 0 0 0 0 0 0 0 0 0 0 0 0 0 0 0 0 0 0 0 0 0 0 0 0 0 0
0 0 0 0 0 0 0 0 0 0 0 0 0 0 0 0 0 0 0 1 0 0 0 0 0 0 0 0 0 0 0 0 0 0 0 0 0 0 0 0 0 0 0 0 0 0 0 0 0 0 0 0 0 0 0 0 0 0 0 0 0 0 0 0 0 0 0 0 0 0 0 0 0 1 0 0 0 0 0 0 0 0 0 0
0 0 0 0 0 0 0 0 0 0 0 0 0 0 0 0 0 0 0 0 0 0 0 1 0 0 0 0 0 0 0 0 0 0 0 0 0 0 0 0 0 0 0 0 0 0 0 0 0 0 0 0 0 0 0 1 0 0 0 0 0 0 0 0 0 0 0 0 0 0 0 0 0 0 0 0 0 0 0 0 0 0 0 0
0 0 0 0 0 0 0 0 0 0 0 0 0 0 0 0 0 0 0 0 0 0 0 0 1 0 0 0 0 0 0 0 0 0 0 0 0 0 1 0 0 0 0 0 0 0 0 0 0 0 0 0 0 0 0 0 0 0 0 0 0 0 0 0 0 0 0 0 0 0 0 0 0 0 0 0 1 0 0 0 0 0 0 0
0 0 0 0 0 0 0 0 0 0 0 0 0 0 0 0 0 0 0 0 0 0 0 0 0 0 0 0 0 0 0 0 0 0 0 0 0 0 0 0 0 0 0 0 0 0 0 0 0 0 0 0 0 0 0 1 0 0 0 0 0 0 0 0 0 0 0 0 0 0 0 0 0 0 0 0 0 0 0 0 0 0 0 0
0 0 0 0 0 0 0 0 0 0 1 0 0 0 0 0 0 0 0 0 0 0 0 0 0 0 0 0 0 0 1 0 0 0 0 0 0 0 0 0 0 0 0 0 0 0 0 0 0 0 0 0 0 0 0 0 0 0 0 0 0 0 0 0 0 0 0 0 0 0 0 0 0 0 0 0 0 0 0 0 0 0 0 0
0 0 0 0 0 0 0 0 0 1 0 0 0 0 0 0 0 0 0 0 0 0 0 0 0 0 0 0 0 0 1 0 0 0 0 0 0 0 0 0 0 0 0 0 0 0 0 0 0 0 0 0 0 0 0 0 1 0 0 0 0 0 0 0 0 0 0 0 0 0 0 0 0 0 0 0 0 0 0 0 0 0 0 0
1 0 0 0 0 0 0 0 0 0 0 0 0 0 0 0 0 0 0 0 0 0 0 0 0 0 0 0 0 0 0 0 0 0 0 0 0 0 0 0 0 0 0 0 0 0 0 0 0 0 0 0 0 0 0 0 0 0 0 0 0 0 0 0 0 0 0 0 0 0 0 0 0 0 0 0 0 0 0 0 0 0 0 0
0 0 0 0 0 0 0 0 0 0 0 0 0 0 0 0 0 0 0 0 0 0 0 0 0 0 0 0 0 0 0 0 0 0 0 0 0 0 0 0 0 0 0 0 0 0 0 0 0 0 0 0 0 0 0 0 0 0 0 0 0 0 0 0 0 0 0 0 1 0 0 0 0 0 0 0 0 0 0 0 0 0 0 0
0 0 0 0 0 0 0 0 0 0 0 0 0 0 0 0 0 0 0 0 0 0 0 0 0 0 0 0 0 0 0 0 1 0 0 0 0 0 0 0 0 0 0 0 0 0 0 0 0 0 0 0 0 0 0 0 0 0 0 0 0 0 0 0 0 0 0 0 0 0 0 0 0 0 0 0 0 0 0 0 0 0 0 0
0 0 0 0 0 0 0 0 0 0 0 1 0 0 0 0 0 0 0 1 0 0 0 0 0 0 0 0 0 0 0 0 0 0 0 0 0 0 0 0 0 0 0 0 0 0 0 0 0 0 0 0 0 0 0 0 0 0 0 0 0 0 0 0 0 0 0 0 0 0 0 0 0 0 0 0 0 0 0 0 0 0 0 0
0 0 0 0 0 0 0 0 0 0 0 0 0 0 0 0 0 0 0 0 0 0 0 0 0 0 0 0 0 0 0 0 0 0 0 0 0 0 0 0 0 0 0 0 0 0 0 0 0 0 0 0 0 0 1 0 0 0 0 0 0 0 0 0 0 1 0 0 0 0 0 0 0 0 0 0 0 0 0 0 0 0 0 0
0 0 0 0 0 0 0 0 0 0 0 0 0 0 0 0 0 0 0 0 0 0 0 0 0 0 1 0 0 0 0 0 0 0 0 0 0 0 0 0 0 0 0 0 0 0 0 0 0 0 0 0 0 0 0 0 0 0 0 0 0 0 0 0 0 0 0 0 0 0 0 0 0 0 0 0 0 0 0 0 0 0 0 0
0 0 0 0 0 0 0 0 0 0 0 0 0 0 0 0 0 0 0 0 0 0 0 0 0 0 0 0 1 0 0 0 0 0 0 0 0 0 0 0 0 0 0 0 0 0 0 0 0 0 0 0 0 0 0 0 0 0 0 0 0 0 0 0 0 0 0 0 0 0 0 0 0 0 0 0 0 0 0 0 0 0 0 0
0 0 0 0 0 1 0 0 0 0 0 0 0 0 0 0 0 0 0 0 0 0 0 0 0 0 0 0 0 0 0 0 0 0 0 0 0 0 0 0 0 0 0 0 0 0 0 0 0 0 0 0 0 0 0 0 0 0 0 0 0 0 0 0 0 0 0 0 0 0 0 0 0 0 0 0 0 0 0 0 0 0 0 0
0 0 0 0 0 0 0 0 0 0 0 0 0 0 0 0 0 0 0 0 0 0 0 0 0 0 0 0 0 0 0 0 0 0 0 0 0 0 0 0 0 0 0 0 0 0 0 0 0 0 0 0 1 0 0 0 0 0 0 0 0 0 0 0 0 0 0 0 0 0 0 0 0 0 0 0 0 0 0 0 0 0 0 0
0 0 0 0 0 0 0 0 0 0 0 0 0 0 0 0 0 0 0 0 0 0 0 0 0 0 0 0 0 0 0 0 0 0 0 0 0 0 0 0 0 0 0 0 0 0 0 0 0 0 0 0 0 0 0 0 0 0 1 0 0 0 0 0 0 0 0 0 0 0 0 0 0 0 0 0 0 0 0 0 0 0 0 0
0 0 0 0 0 0 0 0 0 1 0 0 0 0 0 0 0 0 0 0 0 0 0 0 0 0 0 0 0 0 0 0 0 0 0 0 0 0 0 0 0 0 0 0 0 0 0 0 0 1 0 0 0 0 0 0 0 0 0 0 0 0 0 0 0 0 0 0 0 0 0 0 0 0 0 0 0 0 0 0 0 0 0 0
0 0 0 0 0 0 0 0 0 0 0 0 0 0 0 0 0 0 0 0 0 0 0 0 0 0 0 0 0 0 1 0 0 1 0 0 0 0 0 0 0 0 0 0 0 0 0 0 0 0 0 0 0 0 0 0 0 0 0 0 0 0 0 0 0 0 0 0 0 0 0 0 0 0 0 0 0 0 0 0 0 0 0 0
0 0 0 0 0 0 0 0 0 0 0 0 0 0 0 0 0 0 0 0 1 0 0 0 0 0 0 1 0 0 0 0 0 0 0 0 0 0 0 0 0 0 0 0 0 0 0 0 0 0 0 0 0 0 0 0 0 0 0 0 1 0 0 0 0 0 0 0 0 0 0 0 0 0 0 0 0 0 0 0 0 0 0 0
0 0 0 0 0 0 0 0 0 0 0 0 0 0 0 0 0 0 0 0 0 0 0 0 0 0 0 0 0 0 0 0 0 0 0 0 0 0 0 0 0 0 0 0 0 0 1 0 0 0 0 0 0 0 0 0 0 0 0 0 0 0 0 0 0 0 0 0 0 0 0 0 0 0 0 0 0 0 0 0 0 0 0 0
0 0 0 0 0 0 0 0 0 0 0 0 0 0 0 0 0 0 0 0 0 1 0 0 0 0 0 0 1 0 0 0 0 0 0 0 0 0 0 0 1 0 0 0 0 0 0 0 0 0 0 0 0 0 0 1 0 0 0 0 0 0 0 0 0 0 0 0 0 0 0 0 0 0 0 0 0 0 0 0 0 0 0 0
0 0 0 0 0 0 0 0 0 0 0 0 1 0 0 0 0 0 0 0 0 0 0 0 0 0 0 0 0 0 0 0 0 0 0 0 0 0 0 0 0 0 0 0 0 0 0 0 0 0 0 0 0 0 1 0 0 0 0 0 0 0 0 0 0 0 0 0 0 0 0 0 0 0 0 0 0 0 0 0 0 0 0 0
0 1 0 0 0 0 0 0 0 0 0 0 0 0 0 0 0 0 0 0 0 0 1 0 0 0 0 0 0 0 0 0 0 0 0 0 0 0 0 0 0 0 0 0 0 0 0 0 0 0 0 0 0 0 1 0 0 0 0 0 0 0 0 0 0 0 0 0 0 0 0 0 0 0 0 0 0 0 0 0 0 0 0 0
0 0 0 0 0 0 0 0 0 0 0 0 0 0 1 0 0 0 0 0 0 0 0 0 0 0 0 0 0 0 0 0 0 0 0 0 0 0 0 0 0 0 0 0 0 0 0 0 0 0 0 0 0 0 0 0 0 0 0 0 0 0 0 0 0 0 0 0 0 0 0 0 0 0 0 0 0 0 0 0 0 0 0 0
0 0 0 0 0 0 0 0 0 0 0 0 0 0 0 0 0 0 0 0 0 0 0 0 0 0 1 0 0 0 0 0 1 0 0 0 0 0 0 0 0 0 0 0 0 0 0 1 0 0 0 0 0 0 0 0 0 0 0 0 0 0 0 0 0 0 0 0 0 0 0 0 0 0 0 0 0 0 0 0 0 0 0 0
0 0 0 0 0 0 0 0 0 0 0 0 0 0 0 1 0 0 0 0 0 0 0 0 0 0 0 0 0 1 0 0 0 0 0 0 0 0 0 0 0 0 0 0 0 0 0 0 0 0 0 0 0 0 0 0 0 0 0 0 0 0 0 0 0 0 0 0 0 0 0 0 0 0 0 0 0 0 0 0 0 0 0 0
500
6 pac 0 org 44 dst 36
13 pac 1 org 41 dst 27
15 pac 2 org 79 dst 10
15 pac 3 org 52 dst 69
22 pac 4 org 25 dst 0
23 pac 5 org 33 dst 61
26 pac 6 org 80 dst 59
35 pac 7 org 68 dst 60
44 pac 8 org 24 dst 34
52 pac 9 org 73 dst 54
52 pac 10 org 62 dst 7
58 pac 11 org 5 dst 31
59 pac 12 org 8 dst 56
60 pac 13 org 12 dst 32
68 pac 14 org 54 dst 8
70 pac 15 org 34 dst 70
71 pac 16 org 30 dst 1
80 pac 17 org 35 dst 4
89 pac 18 org 11 dst 18
92 pac 19 org 52 dst 28
99 pac 20 org 44 dst 77
105 pac 21 org 60 dst 43
110 pac 22 org 70 dst 25
116 pac 23 org 74 dst 1
116 pac 24 org 14 dst 3
121 pac 25 org 41 dst 10
128 pac 26 org 11 dst 45
134 pac 27 org 81 dst 31
134 pac 28 org 80 dst 36
137 pac 29 org 34 dst 10
145 pac 30 org 9 dst 36
147 pac 31 org 72 dst 36
149 pac 32 org 21 dst 40
155 pac 33 org 83 dst 34
158 pac 34 org 52 dst 60
161 pac 35 org 83 dst 46
166 pac 36 org 63 dst 37
167 pac 37 org 53 dst 14
174 pac 38 org 1 dst 54
178 pac 39 org 38 dst 42
178 pac 40 org 65 dst 42
182 pac 41 org 83 dst 63
184 pac 42 org 6 dst 1
185 pac 43 org 40 dst 71
192 pac 44 org 12 dst 28
192 pac 45 org 32 dst 30
201 pac 46 org 79 dst 14
202 pac 47 org 50 dst 27
206 pac 48 org 41 dst 81
214 pac 49 org 10 dst 43
216 pac 50 org 53 dst 6
222 pac 51 org 73 dst 66
230 pac 52 org 9 dst 50
238 pac 53 org 73 dst 76
240 pac 54 org 23 dst 51
242 pac 55 org 34 dst 2
247 pac 56 org 65 dst 62
249 pac 57 org 44 dst 30
257 pac 58 org 67 dst 37
264 pac 59 org 19 dst 63
264 pac 60 org 23 dst 79
271 pac 61 org 61 dst 38
278 pac 62 org 38 dst 16
285 pac 63 org 4 dst 38
287 pac 64 org 3 dst 4
287 pac 65 org 33 dst 31
294 pac 66 org 42 dst 11
301 pac 67 org 34 dst 72
308 pac 68 org 40 dst 18
315 pac 69 org 40 dst 42
315 pac 70 org 59 dst 15
321 pac 71 org 40 dst 31
330 pac 72 org 73 dst 60
331 pac 73 org 14 dst 83
338 pac 74 org 44 dst 76
347 pac 75 org 0 dst 36
351 pac 76 org 19 dst 20
354 pac 77 org 39 dst 58
357 pac 78 org 2 dst 43
358 pac 79 org 19 dst 21
360 pac 80 org 29 dst 3
361 pac 81 org 65 dst 48
368 pac 82 org 65 dst 13
372 pac 83 org 62 dst 42
380 pac 84 org 69 dst 29
381 pac 85 org 33 dst 14
387 pac 86 org 13 dst 53
394 pac 87 org 24 dst 2
395 pac 88 org 17 dst 26
396 pac 89 org 53 dst 71
399 pac 90 org 7 dst 71
407 pac 91 org 5 dst 9
408 pac 92 org 71 dst 32
408 pac 93 org 80 dst 13
415 pac 94 org 0 dst 1
421 pac 95 org 58 dst 17
426 pac 96 org 16 dst 56
434 pac 97 org 50 dst 18
435 pac 98 org 44 dst 69
439 pac 99 org 62 dst 20
446 pac 100 org 58 dst 43
450 pac 101 org 44 dst 59
450 pac 102 org 4 dst 36
457 pac 103 org 61 dst 67
462 pac 104 org 75 dst 59
462 pac 105 org 45 dst 31
462 pac 106 org 41 dst 67
462 pac 107 org 18 dst 52
463 pac 108 org 6 dst 54
467 pac 109 org 5 dst 66
473 pac 110 org 77 dst 55
482 pac 111 org 8 dst 74
484 pac 112 org 70 dst 55
489 pac 113 org 81 dst 38
494 pac 114 org 9 dst 5
497 pac 115 org 52 dst 44
506 pac 116 org 0 dst 60
506 pac 117 org 34 dst 76
510 pac 118 org 32 dst 61
514 pac 119 org 25 dst 8
523 pac 120 org 47 dst 75
529 pac 121 org 49 dst 43
532 pac 122 org 34 dst 66
533 pac 123 org 41 dst 17
539 pac 124 org 35 dst 79
543 pac 125 org 83 dst 30
549 pac 126 org 43 dst 13
555 pac 127 org 69 dst 1
558 pac 128 org 15 dst 57
559 pac 129 org 1 dst 9
562 pac 130 org 23 dst 67
562 pac 131 org 15 dst 20
563 pac 132 org 40 dst 60
570 pac 133 org 8 dst 58
577 pac 134 org 75 dst 62
581 pac 135 org 68 dst 54
582 pac 136 org 6 dst 27
582 pac 137 org 3 dst 34
582 pac 138 org 79 dst 50
582 pac 139 org 78 dst 64
583 pac 140 org 73 dst 7
586 pac 141 org 37 dst 12
587 pac 142 org 5 dst 28
590 pac 143 org 46 dst 70
594 pac 144 org 71 dst 80
597 pac 145 org 53 dst 11
605 pac 146 org 17 dst 83
608 pac 147 org 20 dst 69
611 pac 148 org 47 dst 70
614 pac 149 org 81 dst 51
622 pac 150 org 41 dst 22
625 pac 151 org 39 dst 77
629 pac 152 org 13 dst 28
631 pac 153 org 35 dst 67
636 pac 154 org 15 dst 18
645 pac 155 org 45 dst 70
652 pac 156 org 38 dst 53
657 pac 157 org 61 dst 73
665 pac 158 org 66 dst 68
674 pac 159 org 56 dst 63
678 pac 160 org 8 dst 35
687 pac 161 org 56 dst 21
688 pac 162 org 82 dst 47
694 pac 163 org 62 dst 61
701 pac 164 org 49 dst 11
710 pac 165 org 32 dst 34
717 pac 166 org 44 dst 14
720 pac 167 org 38 dst 46
727 pac 168 org 31 dst 15
728 pac 169 org 40 dst 82
737 pac 170 org 19 dst 33
745 pac 171 org 35 dst 19
750 pac 172 org 13 dst 83
757 pac 173 org 22 dst 8
764 pac 174 org 59 dst 58
769 pac 175 org 69 dst 11
776 pac 176 org 25 dst 4
781 pac 177 org 52 dst 53
782 pac 178 org 47 dst 7
790 pac 179 org 24 dst 0
798 pac 180 org 44 dst 9
805 pac 181 org 33 dst 3
812 pac 182 org 49 dst 54
821 pac 183 org 31 dst 52
825 pac 184 org 64 dst 75
825 pac 185 org 49 dst 4
832 pac 186 org 80 dst 24
839 pac 187 org 71 dst 82
842 pac 188 org 70 dst 8
846 pac 189 org 43 dst 5
855 pac 190 org 69 dst 36
864 pac 191 org 13 dst 62
872 pac 192 org 14 dst 2
875 pac 193 org 38 dst 52
883 pac 194 org 13 dst 22
886 pac 195 org 31 dst 3
886 pac 196 org 58 dst 75
887 pac 197 org 13 dst 19
894 pac 198 org 62 dst 37
900 pac 199 org 16 dst 22
907 pac 200 org 10 dst 78
914 pac 201 org 23 dst 79
917 pac 202 org 35 dst 15
919 pac 203 org 52 dst 26
924 pac 204 org 22 dst 78
932 pac 205 org 13 dst 64
941 pac 206 org 63 dst 7
947 pac 207 org 83 dst 1
956 pac 208 org 0 dst 54
956 pac 209 org 2 dst 83
961 pac 210 org 68 dst 62
970 pac 211 org 33 dst 73
972 pac 212 org 81 dst 66
981 pac 213 org 46 dst 42
990 pac 214 org 46 dst 44
994 pac 215 org 50 dst 34
996 pac 216 org 48 dst 57
1005 pac 217 org 45 dst 21
1006 pac 218 org 71 dst 10
1011 pac 219 org 83 dst 38
1011 pac 220 org 60 dst 52
1019 pac 221 org 18 dst 57
1021 pac 222 org 15 dst 44
1027 pac 223 org 69 dst 28
1033 pac 224 org 66 dst 19
1035 pac 225 org 8 dst 0
1044 pac 226 org 26 dst 47
1045 pac 227 org 20 dst 54
1054 pac 228 org 63 dst 51
1056 pac 229 org 16 dst 17
1057 pac 230 org 11 dst 67
1062 pac 231 org 74 dst 25
1069 pac 232 org 13 dst 9
1076 pac 233 org 11 dst 81
1081 pac 234 org 54 dst 71
1088 pac 235 org 1 dst 52
1090 pac 236 org 35 dst 74
1090 pac 237 org 40 dst 47
1094 pac 238 org 45 dst 31
1099 pac 239 org 16 dst 83
1101 pac 240 org 62 dst 34
1107 pac 241 org 10 dst 31
1113 pac 242 org 78 dst 39
1115 pac 243 org 6 dst 2
1119 pac 244 org 44 dst 4
1121 pac 245 org 74 dst 76
1121 pac 246 org 17 dst 62
1129 pac 247 org 61 dst 18
1137 pac 248 org 30 dst 14
1142 pac 249 org 0 dst 65
1149 pac 250 org 57 dst 27
1153 pac 251 org 14 dst 57
1156 pac 252 org 79 dst 8
1156 pac 253 org 14 dst 4
1160 pac 254 org 8 dst 59
1169 pac 255 org 55 dst 33
1172 pac 256 org 57 dst 52
1180 pac 257 org 20 dst 80
1184 pac 258 org 39 dst 66
1186 pac 259 org 53 dst 61
1195 pac 260 org 60 dst 20
1203 pac 261 org 12 dst 44
1203 pac 262 org 73 dst 28
1212 pac 263 org 50 dst 45
1220 pac 264 org 76 dst 65
1222 pac 265 org 33 dst 12
1224 pac 266 org 82 dst 63
1228 pac 267 org 38 dst 8
1228 pac 268 org 30 dst 17
1237 pac 269 org 80 dst 4
1241 pac 270 org 8 dst 77
1246 pac 271 org 55 dst 64
1249 pac 272 org 26 dst 50
1253 pac 273 org 7 dst 58
1260 pac 274 org 65 dst 57
1267 pac 275 org 5 dst 27
1272 pac 276 org 23 dst 2
1272 pac 277 org 41 dst 52
1280 pac 278 org 49 dst 32
1280 pac 279 org 41 dst 6
1284 pac 280 org 24 dst 34
1284 pac 281 org 53 dst 61
1289 pac 282 org 37 dst 79
1289 pac 283 org 45 dst 11
1297 pac 284 org 54 dst 25
1304 pac 285 org 60 dst 24
1305 pac 286 org 64 dst 10
1307 pac 287 org 46 dst 34
1316 pac 288 org 41 dst 9
1316 pac 289 org 30 dst 9
1324 pac 290 org 51 dst 73
1332 pac 291 org 12 dst 19
1337 pac 292 org 23 dst 60
1341 pac 293 org 28 dst 76
1342 pac 294 org 47 dst 22
1350 pac 295 org 28 dst 20
1359 pac 296 org 65 dst 56
1362 pac 297 org 28 dst 61
1366 pac 298 org 28 dst 34
1366 pac 299 org 39 dst 51
1367 pac 300 org 63 dst 49
1371 pac 301 org 40 dst 26
1374 pac 302 org 28 dst 83
1376 pac 303 org 62 dst 26
1376 pac 304 org 58 dst 44
1378 pac 305 org 28 dst 40
1379 pac 306 org 42 dst 11
1386 pac 307 org 45 dst 33
1389 pac 308 org 22 dst 30
1390 pac 309 org 79 dst 6
1399 pac 310 org 29 dst 52
1401 pac 311 org 33 dst 50
1404 pac 312 org 76 dst 36
1405 pac 313 org 44 dst 7
1407 pac 314 org 45 dst 29
1413 pac 315 org 83 dst 56
1421 pac 316 org 29 dst 83
1425 pac 317 org 60 dst 72
1426 pac 318 org 26 dst 7
1428 pac 319 org 51 dst 44
1436 pac 320 org 47 dst 59
1444 pac 321 org 62 dst 31
1448 pac 322 org 83 dst 38
1457 pac 323 org 26 dst 76
1459 pac 324 org 15 dst 62
1464 pac 325 org 66 dst 13
1464 pac 326 org 64 dst 51
1471 pac 327 org 9 dst 71
1471 pac 328 org 54 dst 19
1473 pac 329 org 13 dst 65
1481 pac 330 org 76 dst 69
1482 pac 331 org 62 dst 11
1489 pac 332 org 82 dst 59
1496 pac 333 org 56 dst 47
1498 pac 334 org 60 dst 74
1504 pac 335 org 80 dst 66
1505 pac 336 org 12 dst 24
1506 pac 337 org 52 dst 21
1515 pac 338 org 37 dst 14
1515 pac 339 org 66 dst 0
1521 pac 340 org 27 dst 57
1528 pac 341 org 6 dst 25
1529 pac 342 org 14 dst 57
1538 pac 343 org 53 dst 10
1545 pac 344 org 70 dst 20
1551 pac 345 org 75 dst 46
1551 pac 346 org 19 dst 31
1558 pac 347 org 50 dst 52
1567 pac 348 org 27 dst 33
1567 pac 349 org 46 dst 8
1576 pac 350 org 1 dst 14
1579 pac 351 org 82 dst 13
1584 pac 352 org 14 dst 46
1589 pac 353 org 15 dst 31
1594 pac 354 org 33 dst 72
1599 pac 355 org 54 dst 62
1607 pac 356 org 31 dst 27
1611 pac 357 org 29 dst 49
1615 pac 358 org 46 dst 74
1623 pac 359 org 71 dst 29
1625 pac 360 org 49 dst 78
1629 pac 361 org 82 dst 76
1632 pac 362 org 45 dst 83
1635 pac 363 org 4 dst 38
1636 pac 364 org 65 dst 75
1643 pac 365 org 60 dst 41
1651 pac 366 org 75 dst 37
1654 pac 367 org 0 dst 58
1657 pac 368 org 46 dst 24
1661 pac 369 org 59 dst 2
1667 pac 370 org 69 dst 54
1671 pac 371 org 64 dst 45
1680 pac 372 org 51 dst 44
1684 pac 373 org 47 dst 9
1693 pac 374 org 26 dst 42
1696 pac 375 org 36 dst 81
1703 pac 376 org 51 dst 3
1711 pac 377 org 65 dst 14
1716 pac 378 org 75 dst 35
1724 pac 379 org 34 dst 77
1727 pac 380 org 36 dst 45
1728 pac 381 org 13 dst 12
1729 pac 382 org 18 dst 40
1730 pac 383 org 50 dst 48
1731 pac 384 org 70 dst 29
1733 pac 385 org 81 dst 79
1737 pac 386 org 16 dst 19
1743 pac 387 org 12 dst 33
1747 pac 388 org 67 dst 45
1755 pac 389 org 79 dst 64
1759 pac 390 org 48 dst 10
1767 pac 391 org 54 dst 28
1771 pac 392 org 60 dst 62
1774 pac 393 org 30 dst 69
1774 pac 394 org 62 dst 76
1779 pac 395 org 17 dst 50
1780 pac 396 org 23 dst 42
1789 pac 397 org 81 dst 57
1794 pac 398 org 63 dst 29
1802 pac 399 org 52 dst 71
1805 pac 400 org 43 dst 81
1809 pac 401 org 76 dst 42
1811 pac 402 org 76 dst 64
1819 pac 403 org 5 dst 20
1821 pac 404 org 36 dst 40
1827 pac 405 org 52 dst 20
1831 pac 406 org 44 dst 46
1831 pac 407 org 27 dst 14
1837 pac 408 org 25 dst 74
1846 pac 409 org 43 dst 50
1852 pac 410 org 45 dst 0
1860 pac 411 org 43 dst 13
1868 pac 412 org 63 dst 47
1871 pac 413 org 64 dst 38
1871 pac 414 org 6 dst 42
1879 pac 415 org 66 dst 14
1887 pac 416 org 1 dst 32
1891 pac 417 org 53 dst 41
1891 pac 418 org 27 dst 6
1891 pac 419 org 7 dst 4
1891 pac 420 org 9 dst 78
1900 pac 421 org 78 dst 28
1906 pac 422 org 61 dst 80
1913 pac 423 org 5 dst 24
1913 pac 424 org 80 dst 82
1921 pac 425 org 71 dst 52
1927 pac 426 org 76 dst 50
1929 pac 427 org 32 dst 72
1936 pac 428 org 62 dst 66
1943 pac 429 org 15 dst 40
1948 pac 430 org 51 dst 58
1952 pac 431 org 65 dst 76
1954 pac 432 org 68 dst 11
1958 pac 433 org 19 dst 81
1963 pac 434 org 10 dst 65
1963 pac 435 org 31 dst 46
1972 pac 436 org 72 dst 54
1980 pac 437 org 62 dst 22
1986 pac 438 org 52 dst 36
1992 pac 439 org 11 dst 52
1995 pac 440 org 83 dst 26
2003 pac 441 org 28 dst 27
2004 pac 442 org 39 dst 26
2012 pac 443 org 21 dst 20
2020 pac 444 org 15 dst 31
2023 pac 445 org 43 dst 19
2024 pac 446 org 29 dst 5
2032 pac 447 org 3 dst 69
2035 pac 448 org 27 dst 48
2038 pac 449 org 41 dst 71
2042 pac 450 org 3 dst 25
2050 pac 451 org 36 dst 51
2052 pac 452 org 45 dst 59
2061 pac 453 org 32 dst 0
2069 pac 454 org 65 dst 81
2069 pac 455 org 37 dst 68
2073 pac 456 org 55 dst 21
2080 pac 457 org 27 dst 7
2084 pac 458 org 20 dst 15
2085 pac 459 org 14 dst 17
2085 pac 460 org 56 dst 44
2094 pac 461 org 64 dst 31
2094 pac 462 org 35 dst 59
2102 pac 463 org 44 dst 4
2110 pac 464 org 63 dst 1
2118 pac 465 org 51 dst 42
2121 pac 466 org 36 dst 31
2130 pac 467 org 71 dst 27
2134 pac 468 org 19 dst 2
2137 pac 469 org 53 dst 39
2142 pac 470 org 57 dst 60
2148 pac 471 org 55 dst 25
2153 pac 472 org 37 dst 23
2155 pac 473 org 13 dst 11
2164 pac 474 org 32 dst 61
2168 pac 475 org 72 dst 22
2177 pac 476 org 9 dst 24
2181 pac 477 org 56 dst 4
2184 pac 478 org 80 dst 36
2185 pac 479 org 0 dst 33
2187 pac 480 org 21 dst 42
2193 pac 481 org 79 dst 56
2202 pac 482 org 2 dst 37
2209 pac 483 org 18 dst 37
2212 pac 484 org 17 dst 29
2213 pac 485 org 79 dst 1
2213 pac 486 org 52 dst 30
2219 pac 487 org 37 dst 51
2228 pac 488 org 78 dst 60
2237 pac 489 org 28 dst 69
2243 pac 490 org 38 dst 76
2247 pac 491 org 27 dst 68
2253 pac 492 org 43 dst 4
2260 pac 493 org 6 dst 4
2263 pac 494 org 26 dst 79
2263 pac 495 org 20 dst 4
2270 pac 496 org 81 dst 19
2271 pac 497 org 16 dst 35
2276 pac 498 org 72 dst 37
2276 pac 499 org 73 dst 13
