5
20
100
1
88
0 0 0 0 0 0 0 0 0 0 0 0 0 0 0 0 0 0 0 0 0 0 0 0 0 0 0 0 0 0 0 0 0 0 0 0 0 0 0 0 0 0 0 0 0 0 0 0 0 1 1 0 0 0 0 0 0 0 0 0 0 0 0 0 0 0 0 1 0 0 0 0 0 0 0 0 0 0 0 0 0 0 0 0 0 0 0 0
0 0 0 0 0 0 0 0 0 0 0 0 0 0 0 0 0 0 0 0 0 0 0 0 0 0 0 0 0 0 0 0 0 0 0 0 0 0 0 0 0 0 0 0 0 0 0 0 0 0 0 0 0 0 0 0 0 0 0 0 0 0 0 0 0 0 0 0 0 0 0 0 0 0 0 0 0 0 0 0 0 0 0 0 1 0 0 0
0 0 0 0 0 0 0 0 0 0 0 0 0 0 0 0 0 0 0 0 0 0 0 0 0 0 0 1 0 0 0 0 0 0 0 0 0 0 0 0 0 0 0 0 0 0 0 0 0 0 0 0 0 0 0 0 0 0 0 0 0 0 0 0 0 0 0 0 0 0 0 0 0 0 0 0 0 0 0 0 0 0 0 0 0 0 0 0
0 0 0 0 0 0 0 0 0 0 0 0 0 0 0 0 0 0 0 0 0 0 0 0 0 0 0 0 0 0 0 0 0 0 0 0 0 0 0 1 0 0 0 0 0 0 0 0 0 0 0 0 0 0 0 0 0 0 0 0 0 0 0 0 0 0 0 0 0 0 0 0 0 0 0 0 0 0 0 0 0 0 0 0 0 0 0 0
0 0 0 0 0 0 0 0 0 0 0 0 0 0 0 0 0 0 0 0 0 0 0 0 0 0 0 0 0 0 0 0 0 0 0 0 0 0 0 0 0 0 0 0 0 0 0 0 0 1 0 0 0 0 0 0 0 0 0 0 0 0 0 0 0 0 0 0 0 0 0 0 0 0 0 0 0 0 0 0 0 0 0 0 0 0 0 0
0 0 0 0 0 0 0 0 0 0 0 1 0 0 0 0 0 0 0 0 0 0 0 1 0 0 0 0 0 0 0 0 0 0 0 0 0 0 0 0 0 0 0 0 0 0 0 0 0 0 0 0 0 0 0 0 0 0 0 0 0 0 0 0 0 0 0 0 0 0 0 0 0 0 1 0 0 0 0 0 0 0 0 0 0 0 0 0
0 0 0 0 0 0 0 0 0 0 0 0 0 0 0 0 0 0 0 0 0 0 0 0 0 0 0 0 0 0 0 0 0 0 0 0 0 0 0 0 0 0 0 0 0 0 0 0 0 0 0 0 0 0 0 0 0 1 0 0 0 0 0 0 0 0 0 0 0 0 0 0 0 0 0 0 0 0 0 0 0 0 0 0 0 0 0 0
0 0 0 0 0 0 0 0 0 0 0 0 0 0 0 0 0 1 0 0 0 0 0 0 0 0 0 0 0 0 0 0 0 0 0 0 0 0 0 0 0 0 0 0 0 0 0 0 0 0 1 0 0 0 0 0 0 0 0 0 0 0 0 0 0 0 0 0 0 0 0 0 0 0 0 0 0 0 0 0 0 0 0 0 0 0 0 0
0 0 0 0 0 0 0 0 0 0 0 0 0 0 0 0 0 0 0 0 0 0 0 0 0 0 0 0 0 0 0 1 0 0 0 0 0 0 0 0 0 0 1 0 0 0 0 0 0 0 0 0 0 0 0 0 0 0 0 0 0 0 0 0 0 0 0 0 0 0 0 0 0 0 0 0 0 0 0 0 0 0 0 0 0 0 0 0
0 0 0 0 0 0 0 0 0 0 0 0 0 0 0 0 0 0 0 0 0 0 0 0 0 0 0 0 0 0 0 0 0 0 0 0 0 0 0 0 0 0 0 0 0 0 0 0 0 0 0 0 0 0 0 0 0 0 0 0 0 0 0 0 0 0 0 0 0 0 0 0 0 0 0 0 0 1 0 0 0 0 0 0 0 0 0 1
0 0 0 0 0 0 0 0 0 0 0 0 0 0 1 0 0 0 0 0 0 0 0 0 0 0 0 0 0 0 0 0 0 0 0 0 0 0 0 0 0 0 0 0 0 0 0 0 0 0 0 0 0 0 0 0 0 0 0 0 0 0 0 0 0 0 1 0 0 0 0 0 0 0 0 0 0 0 0 0 0 0 0 0 0 0 0 0
0 0 0 0 0 1 0 0 0 0 0 0 0 0 0 0 0 0 0 0 0 0 0 0 0 0 0 0 0 0 0 0 0 0 0 0 0 0 0 0 0 0 0 0 0 0 0 0 0 0 0 0 0 0 0 0 0 0 0 0 0 0 0 0 0 0 0 0 0 0 0 0 0 0 0 0 0 0 0 0 0 0 0 0 0 0 0 0
0 0 0 0 0 0 0 0 0 0 0 0 0 0 0 0 0 0 0 0 0 0 0 0 0 0 0 0 0 0 0 0 0 0 0 0 0 0 0 0 0 0 0 0 0 0 0 0 0 0 0 0 0 0 0 0 0 0 0 0 0 0 0 0 0 0 0 0 0 0 1 0 0 0 0 0 0 0 0 0 0 0 0 0 0 0 0 0
0 0 0 0 0 0 0 0 0 0 0 0 0 0 0 0 0 0 0 0 0 0 0 0 0 0 0 0 0 0 0 0 0 0 0 0 0 0 0 0 0 0 0 0 0 0 0 0 0 0 0 0 0 0 0 0 0 0 0 1 0 0 0 0 0 0 0 0 0 0 0 0 0 0 0 0 0 0 0 0 0 0 0 1 0 0 0 0
0 0 0 0 0 0 0 0 0 0 1 0 0 0 0 0 0 0 0 0 0 0 0 0 0 0 0 0 0 0 0 0 0 0 0 0 0 0 0 0 0 0 0 0 0 0 0 0 0 0 0 0 0 0 0 0 0 0 0 0 0 0 0 0 0 0 0 0 0 0 0 0 0 0 0 0 0 0 0 0 0 0 0 0 0 0 0 0
0 0 0 0 0 0 0 0 0 0 0 0 0 0 0 0 0 0 1 0 0 0 0 0 0 0 0 0 0 0 0 0 0 0 0 0 0 0 0 0 0 0 0 0 0 0 0 0 0 0 0 0 0 0 0 0 0 0 0 0 0 0 0 0 0 0 0 0 0 0 0 0 0 0 0 0 0 0 0 0 0 0 0 0 0 1 0 0
0 0 0 0 0 0 0 0 0 0 0 0 0 0 0 0 0 0 0 0 0 0 0 0 0 0 0 0 0 0 0 0 0 0 0 0 0 0 0 0 0 0 0 0 0 0 0 0 0 0 0 0 0 0 0 0 0 0 0 0 0 0 0 0 0 0 0 0 0 0 0 0 0 0 0 0 0 0 0 0 0 0 0 0 0 0 0 1
0 0 0 0 0 0 0 1 0 0 0 0 0 0 0 0 0 0 0 0 0 0 0 0 0 0 0 0 0 0 0 0 0 0 0 0 0 0 0 0 0 0 0 0 0 0 0 0 0 0 0 0 1 0 0 0 0 0 0 0 0 0 0 0 0 0 0 0 0 0 0 0 0 0 0 0 0 0 0 0 0 0 0 0 0 0 0 0
0 0 0 0 0 0 0 0 0 0 0 0 0 0 0 1 0 0 0 0 0 0 0 0 0 0 0 0 0 0 0 0 0 0 0 0 0 0 0 0 0 0 0 0 0 0 0 0 0 0 0 0 0 0 1 0 0 0 0 0 0 0 0 0 0 0 0 0 0 0 0 0 0 0 0 0 0 0 0 0 0 0 0 0 0 0 0 0
0 0 0 0 0 0 0 0 0 0 0 0 0 0 0 0 0 0 0 0 0 0 0 0 0 0 0 0 0 0 0 0 0 0 0 0 0 0 0 0 0 0 0 0 0 1 0 0 0 0 0 1 0 0 0 0 0 0 0 0 0 0 0 0 0 0 0 0 0 0 0 0 0 0 0 0 0 0 0 0 0 0 0 0 0 0 0 0
0 0 0 0 0 0 0 0 0 0 0 0 0 0 0 0 0 0 0 0 0 0 0 0 0 0 0 0 0 0 0 0 0 0 0 0 0 0 0 0 0 0 0 0 0 0 0 0 0 0 0 0 0 0 0 0 0 0 0 0 0 1 0 0 0 0 0 0 0 0 1 0 0 0 0 0 0 0 0 0 0 0 0 0 0 0 0 0
0 0 0 0 0 0 0 0 0 0 0 0 0 0 0 0 0 0 0 0 0 0 0 0 0 0 0 0 0 0 0 0 0 0 0 0 0 0 0 0 0 0 0 1 0 0 0 0 0 0 0 0 0 0 0 0 0 0 0 0 0 0 0 0 0 0 0 0 0 0 0 0 0 0 0 0 0 0 0 0 1 0 0 0 0 0 0 0
0 0 0 0 0 0 0 0 0 0 0 0 0 0 0 0 0 0 0 0 0 0 0 0 0 0 0 0 0 0 0 0 0 0 0 0 0 0 0 0 0 0 0 0 0 0 0 0 0 0 0 0 0 0 0 0 0 0 0 0 0 0 0 0 0 0 0 0 0 0 0 0 0 0 0 0 0 0 0 0 0 0 1 0 0 0 0 0
0 0 0 0 0 1 0 0 0 0 0 0 0 0 0 0 0 0 0 0 0 0 0 0 0 0 0 0 0 0 0 0 0 0 0 0 1 0 0 0 0 1 0 0 0 0 0 0 0 0 0 0 0 0 0 0 0 0 0 0 0 0 0 0 0 0 0 0 0 0 0 0 0 0 0 0 0 0 0 0 0 0 0 1 0 0 0 0
0 0 0 0 0 0 0 0 0 0 0 0 0 0 0 0 0 0 0 0 0 0 0 0 0 0 0 0 0 0 0 0 0 0 0 0 0 0 0 0 0 0 0 0 0 0 0 0 0 0 0 0 0 0 0 0 0 0 0 0 0 0 1 0 0 0 0 0 0 0 0 0 0 0 0 0 0 0 0 0 0 0 0 0 0 0 0 0
0 0 0 0 0 0 0 0 0 0 0 0 0 0 0 0 0 0 0 0 0 0 0 0 0 0 0 0 0 0 0 0 0 0 0 0 0 0 0 0 0 0 0 0 0 0 0 0 0 0 0 0 0 0 0 0 0 0 0 0 0 0 1 1 0 0 0 0 0 0 0 0 0 0 0 0 0 0 0 0 0 0 0 0 0 0 0 0
0 0 0 0 0 0 0 0 0 0 0 0 0 0 0 0 0 0 0 0 0 0 0 0 0 0 0 0 0 0 0 0 0 0 0 0 0 0 0 1 0 0 0 0 0 0 0 0 0 0 0 0 0 0 0 0 1 0 0 0 0 0 0 0 0 0 0 0 0 0 0 0 0 0 0 0 0 0 0 0 0 0 0 0 0 0 0 0
0 0 1 0 0 0 0 0 0 0 0 0 0 0 0 0 0 0 0 0 0 0 0 0 0 0 0 0 0 0 0 0 0 0 0 0 0 0 1 0 0 0 0 0 0 0 0 0 0 0 0 0 0 0 0 0 0 0 0 0 0 0 0 0 0 0 0 0 0 0 0 0 1 0 0 0 0 0 0 0 0 0 0 0 0 0 0 0
0 0 0 0 0 0 0 0 0 0 0 0 0 0 0 0 0 0 0 0 0 0 0 0 0 0 0 0 0 0 0 0 0 0 0 0 0 0 0 0 0 0 0 0 0 0 0 0 0 0 0 0 0 0 0 0 0 0 0 0 0 0 0 0 0 0 0 0 0 0 0 0 0 0 0 0 0 0 0 0 1 0 0 0 0 0 1 0
0 0 0 0 0 0 0 0 0 0 0 0 0 0 0 0 0 0 0 0 0 0 0 0 0 0 0 0 0 0 0 0 0 0 0 0 0 0 0 0 0 0 0 0 0 0 0 0 0 0 0 1 0 0 0 0 0 0 0 0 0 0 0 0 0 0 0 0 0 0 0 0 0 1 0 0 0 0 0 0 0 0 1 0 0 0 0 0
0 0 0 0 0 0 0 0 0 0 0 0 0 0 0 0 0 0 0 0 0 0 0 0 0 0 0 0 0 0 0 0 0 0 0 0 0 0 0 0 0 0 0 0 0 0 0 0 0 0 1 0 0 0 0 0 0 0 0 0 0 0 0 0 0 0 0 0 0 0 0 0 0 0 0 0 0 0 0 0 0 0 0 0 0 0 0 1
0 0 0 0 0 0 0 0 1 0 0 0 0 0 0 0 0 0 0 0 0 0 0 0 0 0 0 0 0 0 0 0 0 0 0 0 0 0 0 0 0 0 0 0 0 0 0 0 0 0 0 0 0 0 0 0 0 0 0 0 0 0 0 0 0 0 0 0 1 0 0 0 0 0 0 0 0 0 0 0 0 0 0 0 0 0 0 0
0 0 0 0 0 0 0 0 0 0 0 0 0 0 0 0 0 0 0 0 0 0 0 0 0 0 0 0 0 0 0 0 0 0 0 0 0 0 0 0 0 0 0 0 0 0 0 0 0 0 0 0 0 0 0 0 0 0 0 0 0 0 0 0 0 1 1 0 0 0 0 0 0 0 0 0 0 0 0 1 0 0 0 0 0 0 0 0
0 0 0 0 0 0 0 0 0 0 0 0 0 0 0 0 0 0 0 0 0 0 0 0 0 0 0 0 0 0 0 0 0 0 0 0 0 0 0 0 0 0 0 0 0 0 0 0 0 1 0 0 0 1 0 0 0 0 0 0 0 0 0 0 0 0 0 0 0 0 0 0 0 0 0 0 0 0 0 0 0 0 0 0 0 0 0 0
0 0 0 0 0 0 0 0 0 0 0 0 0 0 0 0 0 0 0 0 0 0 0 0 0 0 0 0 0 0 0 0 0 0 0 0 0 0 0 0 0 0 0 0 0 0 0 0 0 0 0 0 0 0 0 0 0 0 0 0 0 0 0 0 0 0 0 0 0 0 0 0 0 0 0 0 0 0 0 1 0 0 0 0 0 0 1 0
0 0 0 0 0 0 0 0 0 0 0 0 0 0 0 0 0 0 0 0 0 0 0 0 0 0 0 0 0 0 0 0 0 0 0 0 0 0 0 0 0 0 0 0 0 0 0 0 0 0 0 0 0 0 0 0 0 0 0 0 0 1 0 0 0 0 0 0 0 1 0 0 0 0 0 0 0 0 0 0 0 0 0 0 0 0 0 0
0 0 0 0 0 0 0 0 0 0 0 0 0 0 0 0 0 0 0 0 0 0 0 1 0 0 0 0 0 0 0 0 0 0 0 0 0 0 0 0 0 0 0 0 0 0 0 0 0 0 0 0 0 0 0 0 0 0 0 0 0 0 0 0 0 0 0 0 0 0 0 0 0 0 0 0 0 0 0 0 0 0 0 0 0 0 0 0
0 0 0 0 0 0 0 0 0 0 0 0 0 0 0 0 0 0 0 0 0 0 0 0 0 0 0 0 0 0 0 0 0 0 0 0 0 0 0 0 0 0 0 0 1 0 0 0 0 0 0 0 0 0 0 0 0 0 0 0 0 0 0 0 0 0 0 0 0 0 0 0 0 0 0 0 0 0 0 0 0 0 0 0 0 0 0 0
0 0 0 0 0 0 0 0 0 0 0 0 0 0 0 0 0 0 0 0 0 0 0 0 0 0 0 1 0 0 0 0 0 0 0 0 0 0 0 0 0 0 0 0 0 0 0 0 0 0 0 0 0 0 0 0 0 0 0 0 0 0 0 0 0 0 0 0 0 0 1 0 0 0 0 0 0 0 0 0 0 0 0 0 0 0 0 0
0 0 0 1 0 0 0 0 0 0 0 0 0 0 0 0 0 0 0 0 0 0 0 0 0 0 1 0 0 0 0 0 0 0 0 0 0 0 0 0 0 0 0 0 0 0 0 0 0 0 0 0 0 0 0 0 0 0 0 0 0 0 0 0 0 0 0 0 0 0 0 0 0 0 0 0 0 0 0 0 0 0 0 0 0 0 0 0
0 0 0 0 0 0 0 0 0 0 0 0 0 0 0 0 0 0 0 0 0 0 0 0 0 0 0 0 0 0 0 0 0 0 0 0 0 0 0 0 0 0 0 0 0 0 0 0 0 0 0 0 0 0 0 0 0 0 0 0 0 0 0 1 0 0 0 0 0 0 0 0 0 0 0 0 0 0 0 0 0 0 0 0 0 0 0 0
0 0 0 0 0 0 0 0 0 0 0 0 0 0 0 0 0 0 0 0 0 0 0 1 0 0 0 0 0 0 0 0 0 0 0 0 0 0 0 0 0 0 0 0 0 0 0 0 0 0 0 0 0 0 0 0 0 0 0 0 0 0 0 0 0 0 0 0 0 0 0 0 0 0 0 0 0 0 0 0 0 0 0 0 0 0 0 0
0 0 0 0 0 0 0 0 1 0 0 0 0 0 0 0 0 0 0 0 0 0 0 0 0 0 0 0 0 0 0 0 0 0 0 0 0 0 0 0 0 0 0 0 0 0 0 0 0 0 0 0 0 0 0 0 0 0 0 0 0 0 0 0 0 0 0 0 0 0 0 0 0 0 0 0 0 0 0 0 0 0 0 0 0 0 0 0
0 0 0 0 0 0 0 0 0 0 0 0 0 0 0 0 0 0 0 0 0 1 0 0 0 0 0 0 0 0 0 0 0 0 0 0 0 0 0 0 0 0 0 0 0 0 0 0 0 0 0 0 0 0 0 0 0 0 0 0 0 0 0 0 0 0 0 0 0 0 0 0 0 0 0 0 0 0 0 0 0 0 0 0 0 0 0 0
0 0 0 0 0 0 0 0 0 0 0 0 0 0 0 0 0 0 0 0 0 0 0 0 0 0 0 0 0 0 0 0 0 0 0 0 0 1 0 0 0 0 0 0 0 0 0 0 0 0 1 0 0 0 0 0 0 0 0 0 0 0 0 0 0 0 0 0 0 0 0 0 0 0 0 0 1 0 0 0 0 0 0 0 0 0 0 0
0 0 0 0 0 0 0 0 0 0 0 0 0 0 0 0 0 0 0 1 0 0 0 0 0 0 0 0 0 0 0 0 0 0 0 0 0 0 0 0 0 0 0 0 0 0 0 0 1 0 0 0 0 0 0 0 0 0 0 0 0 0 0 0 0 0 0 0 0 0 0 0 0 0 0 0 0 0 0 0 0 0 0 0 0 0 0 0
0 0 0 0 0 0 0 0 0 0 0 0 0 0 0 0 0 0 0 0 0 0 0 0 0 0 0 0 0 0 0 0 0 0 0 0 0 0 0 0 0 0 0 0 0 0 0 0 0 0 0 0 0 0 1 0 0 0 0 0 0 0 0 0 0 0 0 0 0 0 0 0 0 0 0 0 0 0 0 0 0 0 0 0 0 0 0 0
0 0 0 0 0 0 0 0 0 0 0 0 0 0 0 0 0 0 0 0 0 0 0 0 0 0 0 0 0 0 0 0 0 0 0 0 0 0 0 0 0 0 0 0 0 0 0 0 0 0 0 0 0 0 0 0 0 1 0 0 0 0 0 0 0 0 0 0 0 0 0 0 0 0 0 0 0 0 0 0 0 0 0 0 0 0 0 0
0 0 0 0 0 0 0 0 0 0 0 0 0 0 0 0 0 0 0 0 0 0 0 0 0 0 0 0 0 0 0 0 0 0 0 0 0 0 0 0 0 0 0 0 0 1 0 0 0 0 0 0 0 0 0 0 0 0 0 0 0 0 0 0 0 0 0 0 0 0 0 0 0 0 0 0 0 0 0 0 0 1 0 0 0 0 0 0
1 0 0 0 1 0 0 0 0 0 0 0 0 0 0 0 0 0 0 0 0 0 0 0 0 0 0 0 0 0 0 0 0 1 0 0 0 0 0 0 0 0 0 0 0 0 0 0 0 0 0 0 0 0 0 0 0 0 0 0 0 0 0 0 0 0 0 0 0 0 0 0 0 0 0 0 0 0 0 0 0 0 0 0 0 0 1 0
1 0 0 0 0 0 0 1 0 0 0 0 0 0 0 0 0 0 0 0 0 0 0 0 0 0 0 0 0 0 1 0 0 0 0 0 0 0 0 0 0 0 0 0 1 0 0 0 0 0 0 0 0 0 0 0 0 0 0 0 0 0 0 0 0 0 0 0 0 0 0 0 0 0 0 0 0 0 0 0 0 0 0 0 0 0 0 0
0 0 0 0 0 0 0 0 0 0 0 0 0 0 0 0 0 0 0 1 0 0 0 0 0 0 0 0 0 1 0 0 0 0 0 0 0 0 0 0 0 0 0 0 0 0 0 0 0 0 0 0 0 0 0 0 0 0 0 0 0 0 0 0 0 0 0 0 0 0 0 0 0 0 0 0 0 0 0 0 0 0 0 0 0 0 0 0
0 0 0 0 0 0 0 0 0 0 0 0 0 0 0 0 0 1 0 0 0 0 0 0 0 0 0 0 0 0 0 0 0 0 0 0 0 0 0 0 0 0 0 0 0 0 0 0 0 0 0 0 0 0 0 0 0 0 0 0 0 0 0 0 0 0 0 0 0 0 0 0 0 0 0 0 0 0 1 0 0 0 1 0 0 0 0 0
0 0 0 0 0 0 0 0 0 0 0 0 0 0 0 0 0 0 0 0 0 0 0 0 0 0 0 0 0 0 0 0 0 1 0 0 0 0 0 0 0 0 0 0 0 0 0 0 0 0 0 0 0 0 0 0 0 0 0 0 0 0 0 0 0 0 0 0 0 0 0 0 0 0 0 0 0 0 0 0 0 0 0 0 0 0 0 0
0 0 0 0 0 0 0 0 0 0 0 0 0 0 0 0 0 0 1 0 0 0 0 0 0 0 0 0 0 0 0 0 0 0 0 0 0 0 0 0 0 0 0 0 0 0 1 0 0 0 0 0 0 0 0 0 0 0 0 1 0 0 0 0 0 0 0 0 0 0 0 0 0 0 0 0 0 0 0 0 0 0 0 0 0 0 0 0
0 0 0 0 0 0 0 0 0 0 0 0 0 0 0 0 0 0 0 0 0 0 0 0 0 0 0 0 0 0 0 0 0 0 0 0 0 0 0 0 0 0 0 0 0 0 0 0 0 0 0 0 0 0 0 0 0 0 0 0 0 0 0 0 0 0 0 0 0 0 0 0 0 0 0 1 0 0 0 0 0 0 0 0 0 0 0 0
0 0 0 0 0 0 0 0 0 0 0 0 0 0 0 0 0 0 0 0 0 0 0 0 0 0 1 0 0 0 0 0 0 0 0 0 0 0 0 0 0 0 0 0 0 0 0 0 0 0 0 0 0 0 0 0 0 0 0 0 0 0 0 0 0 0 0 0 0 0 0 0 0 0 0 0 0 0 0 0 0 0 0 1 0 0 0 0
0 0 0 0 0 0 1 0 0 0 0 0 0 0 0 0 0 0 0 0 0 0 0 0 0 0 0 0 0 0 0 0 0 0 0 0 0 0 0 0 0 0 0 0 0 0 0 1 0 0 0 0 0 0 0 0 0 0 0 0 0 0 0 0 0 0 0 0 0 0 0 1 0 0 0 0 0 0 0 0 0 0 1 0 1 0 0 0
0 0 0 0 0 0 0 0 0 0 0 0 0 0 0 0 0 0 0 0 0 0 0 0 0 0 0 0 0 0 0 0 0 0 0 0 0 0 0 0 0 0 0 0 0 0 0 0 0 0 0 0 0 0 0 0 0 0 0 0 0 1 0 0 1 0 0 0 0 0 0 0 0 0 0 0 0 0 0 0 0 0 0 0 0 0 0 0
0 0 0 0 0 0 0 0 0 0 0 0 0 1 0 0 0 0 0 0 0 0 0 0 0 0 0 0 0 0 0 0 0 0 0 0 0 0 0 0 0 0 0 0 0 0 0 0 0 0 0 0 0 0 1 0 0 0 0 0 0 0 0 0 0 0 1 0 0 0 0 0 0 0 0 0 0 0 0 0 0 0 0 0 0 0 0 0
0 0 0 0 0 0 0 0 0 0 0 0 0 0 0 0 0 0 0 0 0 0 0 0 0 0 0 0 0 0 0 0 0 0 0 0 0 0 0 0 0 0 0 0 0 0 0 0 0 0 0 0 0 0 0 0 0 0 0 0 0 0 0 0 0 0 0 0 1 0 0 0 0 0 0 0 0 0 0 0 0 0 0 0 0 0 0 0
0 0 0 0 0 0 0 0 0 0 0 0 0 0 0 0 0 0 0 0 1 0 0 0 0 0 0 0 0 0 0 0 0 0 0 1 0 0 0 0 0 0 0 0 0 0 0 0 0 0 0 0 0 0 0 0 0 0 1 0 0 0 0 0 0 0 0 0 0 0 0 0 0 0 0 0 0 1 0 0 0 0 0 0 0 0 0 0
0 0 0 0 0 0 0 0 0 0 0 0 0 0 0 0 0 0 0 0 0 0 0 0 1 1 0 0 0 0 0 0 0 0 0 0 0 0 0 0 0 0 0 0 0 0 0 0 0 0 0 0 0 0 0 0 0 0 0 0 0 0 0 0 0 0 0 0 0 0 0 0 0 0 0 0 0 0 0 0 0 0 0 0 0 0 0 0
0 0 0 0 0 0 0 0 0 0 0 0 0 0 0 0 0 0 0 0 0 0 0 0 0 1 0 0 0 0 0 0 0 0 0 0 0 0 0 0 1 0 0 0 0 0 0 0 0 0 0 0 0 0 0 0 0 0 0 0 0 0 0 0 0 0 0 0 0 0 0 0 0 0 0 0 0 0 0 1 0 0 0 0 0 0 0 0
0 0 0 0 0 0 0 0 0 0 0 0 0 0 0 0 0 0 0 0 0 0 0 0 0 0 0 0 0 0 0 0 0 0 0 0 0 0 0 0 0 0 0 0 0 0 0 0 0 0 0 0 0 0 0 0 0 0 1 0 0 0 0 0 0 0 0 0 0 0 0 0 0 0 0 0 0 0 0 0 0 0 0 0 0 0 0 0
0 0 0 0 0 0 0 0 0 0 0 0 0 0 0 0 0 0 0 0 0 0 0 0 0 0 0 0 0 0 0 0 1 0 0 0 0 0 0 0 0 0 0 0 0 0 0 0 0 0 0 0 0 0 0 0 0 0 0 0 0 0 0 0 0 0 0 0 0 0 0 0 0 0 0 0 0 0 0 0 0 0 0 0 0 0 0 0
0 0 0 0 0 0 0 0 0 0 1 0 0 0 0 0 0 0 0 0 0 0 0 0 0 0 0 0 0 0 0 0 1 0 0 0 0 0 0 0 0 0 0 0 0 0 0 0 0 0 0 0 0 0 0 0 0 0 0 1 0 0 0 0 0 0 0 0 0 0 0 0 0 0 0 0 0 0 0 0 0 0 0 0 0 0 0 0
1 0 0 0 0 0 0 0 0 0 0 0 0 0 0 0 0 0 0 0 0 0 0 0 0 0 0 0 0 0 0 0 0 0 0 0 0 0 0 0 0 0 0 0 0 0 0 0 0 0 0 0 0 0 0 0 0 0 0 0 0 0 0 0 0 0 0 0 0 0 0 0 0 0 0 0 0 0 0 0 0 0 0 0 0 0 0 0
0 0 0 0 0 0 0 0 0 0 0 0 0 0 0 0 0 0 0 0 0 0 0 0 0 0 0 0 0 0 0 1 0 0 0 0 0 0 0 0 0 0 0 0 0 0 0 0 0 0 0 0 0 0 0 0 0 0 0 0 1 0 0 0 0 0 0 0 0 0 0 1 0 0 0 0 0 0 0 0 0 0 0 0 0 0 0 0
0 0 0 0 0 0 0 0 0 0 0 0 0 0 0 0 0 0 0 0 0 0 0 0 0 0 0 0 0 0 0 0 0 0 0 1 0 0 0 0 0 0 0 0 0 0 0 0 0 0 0 0 0 0 0 0 0 0 0 0 0 0 0 0 0 0 0 0 0 0 0 0 0 0 0 0 0 0 0 0 0 0 0 0 0 0 0 0
0 0 0 0 0 0 0 0 0 0 0 0 1 0 0 0 0 0 0 0 1 0 0 0 0 0 0 0 0 0 0 0 0 0 0 0 0 0 1 0 0 0 0 0 0 0 0 0 0 0 0 0 0 0 0 0 0 0 0 0 0 0 0 0 0 0 0 0 0 0 0 0 0 0 0 0 0 0 0 0 0 0 0 0 0 0 0 0
0 0 0 0 0 0 0 0 0 0 0 0 0 0 0 0 0 0 0 0 0 0 0 0 0 0 0 0 0 0 0 0 0 0 0 0 0 0 0 0 0 0 0 0 0 0 0 0 0 0 0 0 0 0 0 0 0 1 0 0 0 0 0 0 0 0 0 0 1 0 0 0 0 0 0 0 0 0 0 0 0 0 0 0 0 0 0 0
0 0 0 0 0 0 0 0 0 0 0 0 0 0 0 0 0 0 0 0 0 0 0 0 0 0 0 1 0 0 0 0 0 0 0 0 0 0 0 0 0 0 0 0 0 0 0 0 0 0 0 0 0 0 0 0 0 0 0 0 0 0 0 0 0 0 0 0 0 0 0 0 0 0 0 0 0 0 0 0 0 0 0 0 0 0 0 0
0 0 0 0 0 0 0 0 0 0 0 0 0 0 0 0 0 0 0 0 0 0 0 0 0 0 0 0 0 1 0 0 0 0 0 0 0 0 0 0 0 0 0 0 0 0 0 0 0 0 0 0 0 0 0 0 0 0 0 0 0 0 0 0 0 0 0 0 0 0 0 0 0 0 0 0 0 0 0 0 0 0 0 0 0 0 0 0
0 0 0 0 0 1 0 0 0 0 0 0 0 0 0 0 0 0 0 0 0 0 0 0 0 0 0 0 0 0 0 0 0 0 0 0 0 0 0 0 0 0 0 0 0 0 0 0 0 0 0 0 0 0 0 0 0 0 0 0 0 0 0 0 0 0 0 0 0 0 0 0 0 0 0 0 0 0 0 0 0 0 0 0 0 0 0 0
0 0 0 0 0 0 0 0 0 0 0 0 0 0 0 0 0 0 0 0 0 0 0 0 0 0 0 0 0 0 0 0 0 0 0 0 0 0 0 0 0 0 0 0 0 0 0 0 0 0 0 0 0 0 0 1 0 0 0 0 0 0 0 0 0 0 0 0 0 0 0 0 0 0 0 0 0 0 0 0 0 0 0 0 0 0 1 0
0 0 0 0 0 0 0 0 0 0 0 0 0 0 0 0 0 0 0 0 0 0 0 0 0 0 0 0 0 0 0 0 0 0 0 0 0 0 0 0 0 0 0 0 1 0 0 0 0 0 0 0 0 0 0 0 0 0 0 0 0 0 0 0 0 0 0 0 0 0 0 0 0 0 0 0 0 0 0 0 0 0 0 0 0 0 0 0
0 0 0 0 0 0 0 0 0 1 0 0 0 0 0 0 0 0 0 0 0 0 0 0 0 0 0 0 0 0 0 0 0 0 0 0 0 0 0 0 0 0 0 0 0 0 0 0 0 0 0 0 0 0 0 0 0 0 0 0 0 1 0 0 0 0 0 0 0 0 0 0 0 0 0 0 0 0 0 0 0 0 0 0 0 0 0 0
0 0 0 0 0 0 0 0 0 0 0 0 0 0 0 0 0 0 0 0 0 0 0 0 0 0 0 0 0 0 0 0 0 0 0 0 0 0 0 0 0 0 0 0 0 0 0 0 0 0 0 0 1 0 0 0 0 0 0 0 0 0 0 0 0 0 0 0 0 0 0 0 0 0 0 0 0 0 0 0 0 0 0 0 0 0 0 0
0 0 0 0 0 0 0 0 0 0 0 0 0 0 0 0 0 0 0 0 0 0 0 0 0 0 0 0 0 0 0 0 1 0 1 0 0 0 0 0 0 0 0 0 0 0 0 0 0 0 0 0 0 0 0 0 0 0 0 0 0 0 0 1 0 0 0 0 0 0 0 0 0 0 0 0 0 0 0 0 0 0 0 0 0 0 0 0
0 0 0 0 0 0 0 0 0 0 0 0 0 0 0 0 0 0 0 0 0 1 0 0 0 0 0 0 1 0 0 0 0 0 0 0 0 0 0 0 0 0 0 0 0 0 0 0 0 0 0 0 0 0 0 0 0 0 0 0 0 0 0 0 0 0 0 0 0 0 0 0 0 0 0 0 0 0 0 0 0 0 0 0 0 0 0 0
0 0 0 0 0 0 0 0 0 0 0 0 0 0 0 0 0 0 0 0 0 0 0 0 0 0 0 0 0 0 0 0 0 0 0 0 0 0 0 0 0 0 0 0 0 0 0 0 1 0 0 0 0 0 0 0 0 0 0 0 0 0 0 0 0 0 0 0 0 0 0 0 0 0 0 0 0 0 0 0 0 0 0 0 0 0 0 0
0 0 0 0 0 0 0 0 0 0 0 0 0 0 0 0 0 0 0 0 0 0 1 0 0 0 0 0 0 1 0 0 0 0 0 0 0 0 0 0 0 0 0 0 0 0 0 0 0 0 0 0 1 0 0 0 0 1 0 0 0 0 0 0 0 0 0 0 0 0 0 0 0 0 0 0 0 0 0 0 0 0 0 0 0 0 0 0
0 0 0 0 0 0 0 0 0 0 0 0 0 1 0 0 0 0 0 0 0 0 0 1 0 0 0 0 0 0 0 0 0 0 0 0 0 0 0 0 0 0 0 0 0 0 0 0 0 0 0 0 0 0 0 0 1 0 0 0 0 0 0 0 0 0 0 0 0 0 0 0 0 0 0 0 0 0 0 0 0 0 0 0 0 0 0 0
0 1 0 0 0 0 0 0 0 0 0 0 0 0 0 0 0 0 0 0 0 0 0 0 0 0 0 0 0 0 0 0 0 0 0 0 0 0 0 0 0 0 0 0 0 0 0 0 0 0 0 0 0 0 0 0 0 1 0 0 0 0 0 0 0 0 0 0 0 0 0 0 0 0 0 0 0 0 0 0 0 0 0 0 0 0 0 0
0 0 0 0 0 0 0 0 0 0 0 0 0 0 0 1 0 0 0 0 0 0 0 0 0 0 0 0 0 0 0 0 0 0 0 0 0 0 0 0 0 0 0 0 0 0 0 0 0 0 0 0 0 0 0 0 0 0 0 0 0 0 0 0 0 0 0 0 0 0 0 0 0 0 0 0 0 0 0 0 0 0 0 0 0 0 0 0
0 0 0 0 0 0 0 0 0 0 0 0 0 0 0 0 0 0 0 0 0 0 0 0 0 0 0 0 1 0 0 0 0 0 1 0 0 0 0 0 0 0 0 0 0 0 0 0 0 1 0 0 0 0 0 0 0 0 0 0 0 0 0 0 0 0 0 0 0 0 0 0 0 0 0 1 0 0 0 0 0 0 0 0 0 0 0 0
0 0 0 0 0 0 0 0 0 1 0 0 0 0 0 0 1 0 0 0 0 0 0 0 0 0 0 0 0 0 1 0 0 0 0 0 0 0 0 0 0 0 0 0 0 0 0 0 0 0 0 0 0 0 0 0 0 0 0 0 0 0 0 0 0 0 0 0 0 0 0 0 0 0 0 0 0 0 0 0 0 0 0 0 0 0 0 0
500
5 pac 0 org 37 dst 8
7 pac 1 org 64 dst 14
7 pac 2 org 0 dst 34
16 pac 3 org 60 dst 21
20 pac 4 org 4 dst 42
27 pac 5 org 71 dst 69
31 pac 6 org 76 dst 23
33 pac 7 org 11 dst 36
38 pac 8 org 32 dst 18
38 pac 9 org 15 dst 45
44 pac 10 org 78 dst 44
45 pac 11 org 52 dst 25
49 pac 12 org 23 dst 56
55 pac 13 org 30 dst 25
57 pac 14 org 79 dst 6
63 pac 15 org 74 dst 64
65 pac 16 org 60 dst 54
66 pac 17 org 10 dst 69
69 pac 18 org 48 dst 72
73 pac 19 org 58 dst 46
76 pac 20 org 47 dst 42
77 pac 21 org 66 dst 83
85 pac 22 org 25 dst 55
85 pac 23 org 1 dst 26
92 pac 24 org 69 dst 35
99 pac 25 org 9 dst 84
106 pac 26 org 32 dst 72
110 pac 27 org 84 dst 25
116 pac 28 org 85 dst 77
116 pac 29 org 75 dst 65
119 pac 30 org 8 dst 5
125 pac 31 org 58 dst 9
128 pac 32 org 9 dst 13
128 pac 33 org 10 dst 57
136 pac 34 org 72 dst 36
136 pac 35 org 20 dst 31
136 pac 36 org 13 dst 37
138 pac 37 org 85 dst 12
141 pac 38 org 84 dst 54
150 pac 39 org 31 dst 47
155 pac 40 org 66 dst 63
158 pac 41 org 57 dst 73
158 pac 42 org 52 dst 78
158 pac 43 org 60 dst 15
159 pac 44 org 5 dst 43
164 pac 45 org 48 dst 11
167 pac 46 org 66 dst 85
171 pac 47 org 56 dst 83
172 pac 48 org 3 dst 36
176 pac 49 org 26 dst 9
180 pac 50 org 74 dst 75
184 pac 51 org 17 dst 22
188 pac 52 org 23 dst 87
195 pac 53 org 59 dst 55
200 pac 54 org 35 dst 87
204 pac 55 org 29 dst 66
205 pac 56 org 49 dst 55
211 pac 57 org 13 dst 1
216 pac 58 org 64 dst 39
221 pac 59 org 37 dst 68
228 pac 60 org 3 dst 87
228 pac 61 org 37 dst 7
236 pac 62 org 17 dst 42
239 pac 63 org 12 dst 13
242 pac 64 org 66 dst 34
243 pac 65 org 4 dst 83
246 pac 66 org 81 dst 52
255 pac 67 org 9 dst 43
260 pac 68 org 38 dst 10
260 pac 69 org 77 dst 56
267 pac 70 org 24 dst 76
273 pac 71 org 52 dst 10
282 pac 72 org 74 dst 76
288 pac 73 org 78 dst 24
288 pac 74 org 20 dst 35
295 pac 75 org 20 dst 69
298 pac 76 org 49 dst 46
302 pac 77 org 24 dst 70
309 pac 78 org 72 dst 19
318 pac 79 org 66 dst 24
322 pac 80 org 7 dst 63
324 pac 81 org 62 dst 40
328 pac 82 org 62 dst 4
328 pac 83 org 66 dst 3
331 pac 84 org 22 dst 35
332 pac 85 org 3 dst 44
340 pac 86 org 61 dst 36
342 pac 87 org 65 dst 42
347 pac 88 org 65 dst 42
348 pac 89 org 67 dst 62
351 pac 90 org 4 dst 42
358 pac 91 org 60 dst 76
367 pac 92 org 83 dst 15
376 pac 93 org 16 dst 46
380 pac 94 org 63 dst 0
382 pac 95 org 84 dst 20
388 pac 96 org 43 dst 40
393 pac 97 org 31 dst 2
395 pac 98 org 30 dst 20
395 pac 99 org 10 dst 30
400 pac 100 org 22 dst 68
401 pac 101 org 17 dst 69
409 pac 102 org 44 dst 38
413 pac 103 org 31 dst 72
414 pac 104 org 14 dst 12
416 pac 105 org 55 dst 59
418 pac 106 org 2 dst 68
424 pac 107 org 28 dst 12
424 pac 108 org 75 dst 10
424 pac 109 org 75 dst 34
432 pac 110 org 9 dst 71
441 pac 111 org 34 dst 9
441 pac 112 org 13 dst 3
447 pac 113 org 1 dst 67
448 pac 114 org 17 dst 61
453 pac 115 org 59 dst 50
458 pac 116 org 19 dst 77
465 pac 117 org 72 dst 15
471 pac 118 org 21 dst 40
476 pac 119 org 45 dst 66
476 pac 120 org 62 dst 38
483 pac 121 org 37 dst 7
491 pac 122 org 70 dst 63
496 pac 123 org 61 dst 45
500 pac 124 org 32 dst 7
502 pac 125 org 70 dst 1
502 pac 126 org 54 dst 1
502 pac 127 org 57 dst 9
511 pac 128 org 69 dst 37
511 pac 129 org 57 dst 56
519 pac 130 org 77 dst 85
528 pac 131 org 58 dst 21
529 pac 132 org 40 dst 46
535 pac 133 org 5 dst 49
535 pac 134 org 46 dst 26
539 pac 135 org 62 dst 87
542 pac 136 org 79 dst 4
545 pac 137 org 64 dst 35
550 pac 138 org 9 dst 38
555 pac 139 org 79 dst 82
559 pac 140 org 45 dst 60
563 pac 141 org 70 dst 26
567 pac 142 org 17 dst 15
576 pac 143 org 82 dst 54
581 pac 144 org 31 dst 42
589 pac 145 org 13 dst 60
590 pac 146 org 1 dst 53
590 pac 147 org 59 dst 27
593 pac 148 org 24 dst 70
593 pac 149 org 16 dst 21
594 pac 150 org 42 dst 63
601 pac 151 org 8 dst 61
608 pac 152 org 79 dst 65
612 pac 153 org 71 dst 56
613 pac 154 org 7 dst 28
613 pac 155 org 3 dst 35
613 pac 156 org 83 dst 53
613 pac 157 org 82 dst 67
614 pac 158 org 76 dst 7
617 pac 159 org 38 dst 13
618 pac 160 org 5 dst 30
621 pac 161 org 48 dst 73
625 pac 162 org 74 dst 84
628 pac 163 org 56 dst 12
636 pac 164 org 18 dst 87
639 pac 165 org 21 dst 72
642 pac 166 org 49 dst 73
645 pac 167 org 85 dst 54
653 pac 168 org 43 dst 23
656 pac 169 org 41 dst 80
660 pac 170 org 14 dst 29
662 pac 171 org 36 dst 70
667 pac 172 org 15 dst 19
676 pac 173 org 47 dst 74
683 pac 174 org 40 dst 56
688 pac 175 org 64 dst 76
696 pac 176 org 70 dst 72
705 pac 177 org 59 dst 66
709 pac 178 org 9 dst 36
718 pac 179 org 59 dst 22
719 pac 180 org 86 dst 50
725 pac 181 org 65 dst 64
732 pac 182 org 51 dst 12
741 pac 183 org 33 dst 36
748 pac 184 org 46 dst 15
751 pac 185 org 40 dst 48
758 pac 186 org 33 dst 16
759 pac 187 org 42 dst 86
768 pac 188 org 20 dst 35
776 pac 189 org 36 dst 20
781 pac 190 org 14 dst 87
788 pac 191 org 23 dst 9
795 pac 192 org 62 dst 61
800 pac 193 org 72 dst 12
807 pac 194 org 26 dst 4
812 pac 195 org 54 dst 55
813 pac 196 org 49 dst 7
821 pac 197 org 25 dst 0
829 pac 198 org 46 dst 9
836 pac 199 org 35 dst 3
843 pac 200 org 51 dst 56
852 pac 201 org 33 dst 54
856 pac 202 org 67 dst 79
856 pac 203 org 51 dst 5
863 pac 204 org 84 dst 25
870 pac 205 org 74 dst 86
873 pac 206 org 73 dst 8
877 pac 207 org 46 dst 5
886 pac 208 org 72 dst 38
895 pac 209 org 14 dst 65
903 pac 210 org 15 dst 2
906 pac 211 org 40 dst 54
914 pac 212 org 13 dst 24
917 pac 213 org 33 dst 3
917 pac 214 org 61 dst 79
918 pac 215 org 13 dst 20
925 pac 216 org 65 dst 39
931 pac 217 org 17 dst 23
938 pac 218 org 10 dst 82
945 pac 219 org 24 dst 82
948 pac 220 org 37 dst 16
950 pac 221 org 54 dst 28
955 pac 222 org 23 dst 82
963 pac 223 org 13 dst 67
972 pac 224 org 66 dst 7
978 pac 225 org 86 dst 1
987 pac 226 org 0 dst 57
987 pac 227 org 2 dst 87
992 pac 228 org 71 dst 65
1001 pac 229 org 35 dst 76
1003 pac 230 org 85 dst 69
1012 pac 231 org 48 dst 44
1021 pac 232 org 49 dst 46
1025 pac 233 org 52 dst 35
1027 pac 234 org 51 dst 60
1036 pac 235 org 47 dst 22
1037 pac 236 org 74 dst 10
1042 pac 237 org 87 dst 39
1042 pac 238 org 63 dst 54
1050 pac 239 org 19 dst 59
1052 pac 240 org 16 dst 46
1058 pac 241 org 72 dst 29
1064 pac 242 org 69 dst 19
1066 pac 243 org 8 dst 0
1075 pac 244 org 28 dst 50
1076 pac 245 org 21 dst 56
1085 pac 246 org 66 dst 53
1087 pac 247 org 16 dst 17
1088 pac 248 org 12 dst 70
1093 pac 249 org 77 dst 26
1100 pac 250 org 14 dst 9
1107 pac 251 org 12 dst 85
1112 pac 252 org 56 dst 75
1119 pac 253 org 2 dst 54
1121 pac 254 org 37 dst 78
1121 pac 255 org 42 dst 49
1125 pac 256 org 47 dst 32
1130 pac 257 org 17 dst 87
1132 pac 258 org 65 dst 36
1138 pac 259 org 10 dst 32
1144 pac 260 org 82 dst 40
1146 pac 261 org 7 dst 3
1150 pac 262 org 47 dst 4
1152 pac 263 org 77 dst 80
1152 pac 264 org 17 dst 65
1160 pac 265 org 64 dst 18
1168 pac 266 org 32 dst 14
1173 pac 267 org 0 dst 68
1180 pac 268 org 59 dst 28
1184 pac 269 org 14 dst 60
1187 pac 270 org 83 dst 8
1187 pac 271 org 15 dst 4
1191 pac 272 org 8 dst 62
1200 pac 273 org 57 dst 35
1203 pac 274 org 59 dst 55
1211 pac 275 org 21 dst 83
1215 pac 276 org 41 dst 70
1217 pac 277 org 56 dst 63
1226 pac 278 org 62 dst 21
1234 pac 279 org 13 dst 46
1234 pac 280 org 76 dst 29
1243 pac 281 org 52 dst 48
1251 pac 282 org 79 dst 68
1253 pac 283 org 35 dst 12
1255 pac 284 org 86 dst 66
1259 pac 285 org 39 dst 9
1259 pac 286 org 32 dst 18
1268 pac 287 org 84 dst 4
1272 pac 288 org 8 dst 81
1277 pac 289 org 57 dst 67
1280 pac 290 org 27 dst 52
1284 pac 291 org 8 dst 61
1291 pac 292 org 68 dst 60
1298 pac 293 org 6 dst 28
1303 pac 294 org 24 dst 2
1303 pac 295 org 43 dst 54
1311 pac 296 org 52 dst 34
1311 pac 297 org 43 dst 6
1315 pac 298 org 25 dst 36
1315 pac 299 org 56 dst 63
1320 pac 300 org 39 dst 83
1320 pac 301 org 47 dst 11
1328 pac 302 org 56 dst 26
1335 pac 303 org 63 dst 25
1336 pac 304 org 67 dst 11
1338 pac 305 org 48 dst 36
1347 pac 306 org 43 dst 9
1347 pac 307 org 31 dst 10
1355 pac 308 org 54 dst 76
1363 pac 309 org 12 dst 20
1368 pac 310 org 24 dst 63
1372 pac 311 org 29 dst 80
1373 pac 312 org 49 dst 23
1381 pac 313 org 30 dst 21
1390 pac 314 org 68 dst 59
1393 pac 315 org 29 dst 64
1397 pac 316 org 30 dst 36
1397 pac 317 org 40 dst 54
1398 pac 318 org 66 dst 52
1402 pac 319 org 42 dst 27
1405 pac 320 org 29 dst 87
1407 pac 321 org 65 dst 27
1407 pac 322 org 61 dst 46
1409 pac 323 org 29 dst 42
1410 pac 324 org 44 dst 11
1417 pac 325 org 48 dst 34
1420 pac 326 org 23 dst 32
1421 pac 327 org 83 dst 6
1430 pac 328 org 30 dst 55
1432 pac 329 org 34 dst 52
1435 pac 330 org 80 dst 37
1436 pac 331 org 46 dst 8
1438 pac 332 org 48 dst 31
1444 pac 333 org 87 dst 58
1452 pac 334 org 30 dst 87
1456 pac 335 org 63 dst 76
1457 pac 336 org 27 dst 7
1459 pac 337 org 54 dst 46
1467 pac 338 org 50 dst 62
1475 pac 339 org 64 dst 32
1479 pac 340 org 87 dst 39
1488 pac 341 org 27 dst 80
1490 pac 342 org 16 dst 65
1495 pac 343 org 70 dst 14
1495 pac 344 org 67 dst 54
1502 pac 345 org 10 dst 75
1502 pac 346 org 56 dst 19
1504 pac 347 org 14 dst 68
1512 pac 348 org 80 dst 73
1513 pac 349 org 65 dst 12
1520 pac 350 org 86 dst 62
1527 pac 351 org 59 dst 49
1529 pac 352 org 63 dst 78
1535 pac 353 org 84 dst 69
1536 pac 354 org 13 dst 25
1537 pac 355 org 54 dst 22
1546 pac 356 org 39 dst 15
1546 pac 357 org 70 dst 0
1552 pac 358 org 28 dst 59
1559 pac 359 org 7 dst 27
1560 pac 360 org 15 dst 60
1569 pac 361 org 56 dst 10
1576 pac 362 org 73 dst 21
1582 pac 363 org 79 dst 48
1582 pac 364 org 20 dst 32
1589 pac 365 org 52 dst 55
1598 pac 366 org 28 dst 35
1598 pac 367 org 48 dst 9
1607 pac 368 org 1 dst 15
1610 pac 369 org 86 dst 14
1615 pac 370 org 15 dst 49
1620 pac 371 org 16 dst 32
1625 pac 372 org 34 dst 75
1630 pac 373 org 57 dst 65
1638 pac 374 org 33 dst 28
1642 pac 375 org 30 dst 52
1646 pac 376 org 48 dst 78
1654 pac 377 org 74 dst 30
1656 pac 378 org 52 dst 82
1660 pac 379 org 86 dst 79
1663 pac 380 org 47 dst 87
1666 pac 381 org 4 dst 40
1667 pac 382 org 68 dst 79
1674 pac 383 org 63 dst 43
1682 pac 384 org 78 dst 39
1685 pac 385 org 0 dst 61
1688 pac 386 org 48 dst 25
1692 pac 387 org 61 dst 2
1698 pac 388 org 73 dst 57
1702 pac 389 org 67 dst 48
1711 pac 390 org 54 dst 47
1715 pac 391 org 49 dst 10
1724 pac 392 org 27 dst 44
1727 pac 393 org 38 dst 85
1734 pac 394 org 53 dst 3
1742 pac 395 org 69 dst 14
1747 pac 396 org 78 dst 37
1755 pac 397 org 36 dst 80
1758 pac 398 org 37 dst 47
1759 pac 399 org 14 dst 13
1760 pac 400 org 19 dst 42
1761 pac 401 org 52 dst 51
1762 pac 402 org 73 dst 30
1764 pac 403 org 84 dst 83
1768 pac 404 org 17 dst 20
1774 pac 405 org 13 dst 34
1778 pac 406 org 70 dst 47
1786 pac 407 org 83 dst 67
1790 pac 408 org 50 dst 10
1798 pac 409 org 57 dst 29
1802 pac 410 org 63 dst 65
1805 pac 411 org 31 dst 72
1805 pac 412 org 65 dst 80
1810 pac 413 org 18 dst 52
1811 pac 414 org 24 dst 44
1820 pac 415 org 85 dst 59
1825 pac 416 org 66 dst 31
1833 pac 417 org 55 dst 74
1836 pac 418 org 45 dst 85
1840 pac 419 org 80 dst 44
1842 pac 420 org 79 dst 67
1850 pac 421 org 5 dst 21
1852 pac 422 org 37 dst 42
1858 pac 423 org 54 dst 21
1862 pac 424 org 46 dst 49
1862 pac 425 org 28 dst 15
1868 pac 426 org 26 dst 77
1877 pac 427 org 45 dst 52
1883 pac 428 org 47 dst 0
1891 pac 429 org 45 dst 14
1899 pac 430 org 66 dst 49
1902 pac 431 org 67 dst 40
1902 pac 432 org 6 dst 44
1910 pac 433 org 69 dst 14
1918 pac 434 org 1 dst 33
1922 pac 435 org 56 dst 43
1922 pac 436 org 28 dst 6
1922 pac 437 org 7 dst 4
1922 pac 438 org 9 dst 82
1931 pac 439 org 81 dst 30
1937 pac 440 org 64 dst 84
1944 pac 441 org 6 dst 25
1944 pac 442 org 84 dst 86
1952 pac 443 org 75 dst 55
1958 pac 444 org 80 dst 52
1960 pac 445 org 34 dst 75
1967 pac 446 org 65 dst 69
1974 pac 447 org 15 dst 42
1979 pac 448 org 54 dst 60
1983 pac 449 org 68 dst 80
1985 pac 450 org 71 dst 12
1989 pac 451 org 20 dst 85
1994 pac 452 org 11 dst 68
1994 pac 453 org 32 dst 48
2003 pac 454 org 76 dst 57
2011 pac 455 org 65 dst 23
2017 pac 456 org 54 dst 37
2023 pac 457 org 12 dst 55
2026 pac 458 org 87 dst 27
2034 pac 459 org 30 dst 28
2035 pac 460 org 41 dst 27
2043 pac 461 org 22 dst 21
2051 pac 462 org 16 dst 33
2054 pac 463 org 45 dst 20
2055 pac 464 org 31 dst 6
2063 pac 465 org 3 dst 72
2066 pac 466 org 28 dst 50
2069 pac 467 org 43 dst 74
2073 pac 468 org 3 dst 26
2081 pac 469 org 37 dst 54
2083 pac 470 org 48 dst 62
2092 pac 471 org 34 dst 0
2100 pac 472 org 69 dst 85
2100 pac 473 org 38 dst 71
2104 pac 474 org 58 dst 22
2111 pac 475 org 28 dst 8
2115 pac 476 org 21 dst 15
2116 pac 477 org 15 dst 18
2116 pac 478 org 59 dst 46
2125 pac 479 org 67 dst 32
2125 pac 480 org 37 dst 62
2133 pac 481 org 46 dst 4
2141 pac 482 org 66 dst 2
2149 pac 483 org 53 dst 44
2152 pac 484 org 38 dst 33
2161 pac 485 org 75 dst 28
2165 pac 486 org 20 dst 2
2168 pac 487 org 56 dst 41
2173 pac 488 org 60 dst 63
2179 pac 489 org 58 dst 26
2184 pac 490 org 39 dst 24
2186 pac 491 org 13 dst 12
2189 pac 492 org 77 dst 78
2197 pac 493 org 64 dst 82
2198 pac 494 org 23 dst 41
2204 pac 495 org 26 dst 80
2213 pac 496 org 4 dst 41
2213 pac 497 org 38 dst 32
2215 pac 498 org 34 dst 13
2224 pac 499 org 44 dst 20
